2.254351425285914274e+02
1.976382815579757146e+00
2.037582670470156287e+01
3.432379537491060262e+01
1.544116909128401272e-01
1.768075127001768332e-02
4.250143187209944051e-02
3.018222706603842553e+01
1.526992391437822327e+01
4.644782055238517948e+00
3.107653306456931475e+01
1.631868317092289189e+01
8.293652703586749553e+00
1.993874186836365681e+01
6.045689484529257918e+00
5.914510195456576525e-02
2.471790609521184123e+00
2.690506302533788863e-01
7.989399286225411068e+00
1.602483672105310930e+01
1.086419476171035114e+01
2.693347529943090901e+00
4.479235344960599718e+00
3.169751343152637513e-01
7.585901057947048720e-01
1.177479938160322037e+00
6.786130810258116375e-01
1.851351079565367319e-01
3.367658183795562143e-01
6.829405038583016840e-02
1.314153045900225303e+00
6.132331881734610413e+00
1.385453620002771613e+00
7.848006977652379312e+00
6.181594152876981774e+00
4.551713825235098376e+00
5.917315903098713470e+00
3.548048226524242565e+00
8.069471769923433513e+00
7.222036954149499977e+00
3.608234354505906460e-01
1.056555122874168307e+00
2.357067755419328947e-01
1.839755391615635727e+00
1.006597735085111012e+01
1.135289857308202599e+01
9.188230127315568652e+00
1.937017414076730892e+00
2.049710366087629521e-01
1.578389955769775310e-01
2.629299644910916833e-01
1.337565751555976012e+00
2.952842806700118339e-01
2.765212749716048912e-01
2.274064806840463415e-01
9.142187145897169298e-01
1.516768988342136470e+00
3.267105153937467366e-01
3.357518825583510891e-01
7.436951903287959409e-01
8.877323484686723276e-01
4.655804076590208673e-01
3.279322912341725571e-01
1.064561436047653409e+00
2.144765578168271458e-01
3.413779370454959571e+06
1.746467244356477266e+01
1.209073428656317972e+01
5.677526792572237468e+00
3.545629133113310445e+02
2.954735983104192151e-02
3.829989079225282200e-02
2.907440925063404027e-02
1.946011754681264277e-02
1.449173760067919225e+01
4.529117813874305654e+01
7.305066854858225724e+02
1.836677800651052621e+02
4.509426904682092285e-01
4.859217323613956308e-01
5.200579610377779050e-01
5.509978309535582541e-01
5.921873367457209936e-01
6.289359975447377238e-01
6.760075579717281791e-01
7.171971225195749033e-01
7.684160986318276931e-01
8.127901833871069570e-01
4.603547083094666204e-01
4.605772207984558664e-01
4.945159747486729818e-01
1.447501406191893825e+00
5.384703458847909241e-01
2.526408300694695352e+00
5.952176357548953911e-01
3.549619379453677670e+00
6.642387694277208654e-01
4.509426904682092285e-01
4.925318062739872937e-01
5.839966689252154008e-01
6.740997261374885863e-01
7.848251294560912861e-01
9.306359092383832410e-01
1.100096338759313674e+00
1.267160625174959199e+00
1.437810619647866828e+00
1.614163711092477360e+00
4.548741840797856928e-01
5.102864273518417093e-01
6.467061251939797417e-01
7.879252603939085331e-01
9.534386474540434975e-01
1.139815868622725992e+00
1.379518299953197413e+00
1.630772023758552125e+00
1.880158627427938933e+00
2.156578019154340886e+00
7.751962570489320248e-01
1.417498007199182952e+00
2.397265487778318604e+00
1.334453063284941843e+00
4.470596168628819811e-01
4.196641457699335498e-01
2.354246118663006939e+02
4.876522989412512032e+01
2.282078664618352737e-01
6.496204236660699793e-01
1.276680343506363169e+00
7.881931317803526627e-01
6.380241671045009388e-01
4.988438673937190288e+03
1.202676561017965723e+05
2.133005343266267395e-01
6.509581393867106547e-01
1.346816296595502749e+01
1.497343346534380504e-01
9.779644501730129491e+01
5.934014249153390930e-01
1.276942848019787524e-01
4.987864862543666078e+01
1.222126433080343411e+00
1.229454790040281909e+00
1.143539401477494666e+00
2.282078664618352737e-01
5.058429372506284549e-01
6.128924348948766587e-01
6.983205859798868875e-01
7.392180617093886408e-01
7.807058911023483372e-01
4.876522989412512032e+01
1.115405413982024356e+02
1.607342245553731175e+02
1.864623764904800680e+02
1.964377560736224666e+02
2.005337705156380821e+02
6.031793258792072371e-02
1.004944052630610124e-01
9.078635423418469907e-02
9.089562858125206646e-02
9.332361985251570735e-02
1.006481911025843140e-01
7.422404196220599992e-01
7.432410332285416255e-01
5.722833825263486940e-01
4.982045768246254336e-01
4.744170592027902589e-01
4.856812988904858908e-01
8.180090425836161749e-02
8.231643066646429641e-02
8.537651084151318126e-02
9.287162697297066116e-02
1.431568682781526434e+02
9.507179087991710631e+00
3.692218432991269811e-02
2.839079144520208597e+00
1.367649636420655013e-01
4.272643576557681039e-02
2.558996522169151300e-01
1.901436765394472772e+01
7.384689734223097435e-02
7.187649086079284544e+00
4.536110566472218997e-01
9.836666036103146325e+03
2.136539269360003157e+00
1.940873279367965552e+02
9.601883036862767540e+01
2.516046369725913889e-01
4.064594181265184680e+00
2.060962100618274917e+02
2.128863801224817554e+00
4.875350388897984111e+00
2.033583492752593997e+02
2.188108990256584896e+00
2.982625067225978341e+02
4.121924159522775994e+02
4.257718789809807447e+00
1.861218586085874449e+01
1.571885950152860145e+00
2.366632054314723899e+00
3.161283689758483284e+00
3.953260800175693923e+00
4.746228490809826006e+00
8.886695468155414346e+03
2.201543426403717252e+00
3.421811208713546382e+00
3.263736534184577920e+01
1.304246078937872089e-01
3.654375587812721538e+00
3.294779414814642537e-01
9.361873668046205577e-02
3.463345783299666691e-01
2.265666284670421149e+01
5.347977778639204094e-02
1.503597776229706895e+01
5.254736152032746244e-01
4.808489148511585487e-01
4.989433176455486674e-01
5.198849856440938000e-01
5.452807437603779395e-01
5.752760818213772387e-01
3.407849269544221266e-02
3.886933202829678180e+01
1.626490777727143566e+01
1.280807376552061793e-03
3.059297688607449572e+02
3.994491759522560970e-01
4.400871958271191708e+00
1.508537536702671614e-02
2.332321722590640967e+00
9.999999999999999547e-07
2.009563390067724969e-02
1.297413190954433207e-02
8.801730325948110334e+00
3.015418804454007146e-02
2.523471093758408390e+00
4.287389559572267195e-01
4.013876360579818336e-01
8.778607250286164787e-02
3.835365847311292264e-01
1.321640327874228360e-01
3.721012432888097243e-01
3.294944861280184512e+01
6.106443269292698151e-02
4.031065111151900804e-01
3.672723197465406653e+00
3.125688331960595895e-02
7.792953895387638852e+01
4.919869261450993125e-01
9.463758023650820306e+00
2.883741122085177813e-02
2.837451149749974810e+00
4.464480883922516963e-01
5.755579815830393769e-02
5.048159679556852852e-01
1.892752388981901035e+01
5.767387452553328353e-02
7.066954154724183645e+00
5.303323722809678564e-01
4.667503902136957983e-01
5.381494805316039409e-01
5.681089197938958835e-01
6.798184920381120655e-01
7.428078178841198698e-01
8.448877283862248078e+03
1.838201625147843243e+00
1.660297588895861622e+02
1.260094134821472096e+02
5.851517611881961178e-01
5.284523622013750921e-02
8.681644719026278878e+00
1.560300491924825783e+00
3.517186567138930400e+02
1.763736101088227315e+02
1.860504538197803370e+00
4.769021115822997814e+00
1.740822490703138499e+02
1.904638258450450428e+00
2.558281406549247095e+02
3.526567352982049783e+02
3.729244704142110400e+00
1.608515468721803643e+01
4.186501914374083921e-01
1.633822889688880453e+00
2.459617280854940802e+00
3.288777976154684257e+00
4.112050160883161887e+00
4.939489395198198629e+00
8.449537167881349887e+03
1.838440304095296796e+00
1.660414855120546349e+02
1.261876058682235424e+02
5.877493806145062116e-01
5.337249336701711810e-02
8.748179365608889313e+00
1.560724021385516913e+00
3.517451080057593344e+02
1.763871677741472865e+02
1.860774963481596656e+00
4.769087277981658879e+00
1.740947345150795229e+02
1.904983100153622821e+00
2.558477170278123651e+02
3.526841306571740233e+02
3.729890253688814106e+00
1.608144023625189689e+01
4.210589745392084859e-01
1.634388921102192471e+00
2.460552771550374107e+00
3.290047233972436036e+00
4.113730376062399330e+00
4.941545697492435885e+00
1.287731510260352479e+04
2.799886503380864866e+00
2.513230101702602610e+02
8.060115196769864099e+01
1.597330874839466119e+00
5.383462629465950613e+02
2.669233486972124183e+02
2.849068699999234511e+00
5.042149114831526724e+00
2.632298162635692620e+02
2.901444658434875201e+00
3.904936377821140354e+02
5.349151036191663025e+02
5.694681343735837231e+00
2.142420059115088549e+01
6.346908082230160453e-01
1.648011599953864259e+00
2.515930248244924172e+00
3.321489858219750957e+00
4.194513130704708104e+00
4.988475013590385920e+00
8.456571030555938705e+03
1.833343530815148670e+00
1.665829948032258017e+02
1.185678395579437279e+02
1.536145004597304187e+00
3.531205673529519800e+02
1.769141834748234601e+02
1.852446513702068032e+00
4.771855539497068754e+00
1.746562504067680379e+02
1.896328794923784367e+00
2.561468383285871937e+02
3.537936426224050024e+02
3.706661676216033374e+00
1.663277581337069222e+01
4.156745068732808912e-01
1.598202628025505279e+00
2.410017775669568429e+00
3.214703817171342681e+00
4.022678236688011388e+00
3.613142869670051738e+01
8.949194106477198485e-02
2.004140712547707037e-01
4.349504381929720331e+00
1.249576760244141931e-02
8.525906291538939286e+01
4.579987254558623988e-01
2.572520291223277411e+01
2.166031354304478995e+01
1.621907989614864987e-01
3.377936031844894327e+00
1.195586061897957464e+00
1.085837955681176192e-01
1.199247629172735863e+00
2.212177173750657744e+01
1.449949015700663646e-01
9.812991118396013235e+00
1.053983240232133189e+00
4.279920595422587737e-01
4.649459855034672739e-01
5.571283358642191708e-01
6.843476341416648845e-01
8.477161788656066843e-01
1.019710625814154836e+00
3.337036802209561159e+01
8.090821586626431583e-02
2.186010297007087710e-01
4.640692727334909229e+00
1.321143253547611869e-02
9.137588508740965665e+01
5.106734667141963335e-01
2.519415234828974803e+01
2.017102783001943678e+01
1.837820219898679275e-01
3.311389178701697134e+00
2.220184712526646731e+00
1.295330904136386685e-01
2.228747269927005004e+00
2.403355522895241236e+01
2.096947794243321228e-01
9.132885583006020269e+00
2.024059813958448917e+00
4.394102125932337621e-01
5.233692776908821509e-01
7.323093010332011321e-01
9.653618266259439418e-01
1.241020304041301037e+00
1.509798641488521609e+00
3.515400149444096201e+01
7.604303292854375229e-02
1.697089692604377420e-01
4.375908157439977408e+00
8.619765939949195399e+01
4.470103658618371778e-01
2.501199112994899210e+01
2.067502846648858394e+01
4.026923794851098443e-02
3.355992831680949973e+00
1.663502074036218026e-01
7.013112404650706511e-02
3.122079109368033345e-01
2.173996452289677350e+01
9.057121464502182473e-02
9.624727413692419020e+00
4.587275724429322188e-01
4.296831837867061132e-01
4.514572174426174089e-01
4.596950354435830888e-01
4.735992982393744666e-01
4.845929661748448747e-01
5.007881938319290738e-01
4.561038204168936794e-01
4.850625522729108963e-01
5.700661699808992067e-01
6.779362304126248517e-01
7.819669868652708855e-01
9.369100219163748466e-01
1.105096683660607759e+00
1.267101481748197367e+00
4.567737310118607508e-01
4.986860606477560576e-01
5.651298275985353614e-01
6.481705228514937911e-01
7.538852469850594318e-01
8.839469485067774635e-01
1.029768750519560294e+00
1.175108483655759484e+00
4.642446812548919333e-01
5.080627404694250115e-01
5.816976547667778163e-01
6.575660104754382784e-01
7.548583859411267527e-01
8.912874014835806546e-01
1.082373436134804745e+00
1.259963527463479283e+00
8.480015706581642831e+00
1.561936723993262710e+01
2.425059741761144139e+01
4.312201097067086408e+01
3.207080288272405966e+01
3.580893806645489263e+01
3.819069874905673601e+01
4.024637243400241715e+01
4.573882986587819666e+00
9.635148885343829406e+00
1.282825337153145995e+01
1.590522757350014160e+01
1.723852194423891859e+01
1.626235299473072260e+01
1.726997304099976560e+01
1.813157961109057936e+01
4.317595274725349319e-01
7.200435175273768307e-01
9.233858419889824365e-01
1.090008143554493492e+00
1.192547564882382227e+00
1.281770835682338516e+00
1.363008572743531044e+00
1.429204889523187028e+00
8.399682574379732647e-02
9.257973046721550137e-02
1.007143288464432962e-01
1.169399622256909882e-01
1.306271995022209587e-01
1.749462503549997217e-01
2.094632712657444884e-01
2.408288715841673255e-01
1.036095823274210542e-01
1.145131618190455558e-01
1.058460604368395147e-01
1.061824233748065033e-01
1.139285782653172291e-01
1.439462963169388654e-01
1.615644595725301558e-01
1.873181311402735694e-01
1.533640854150730148e-01
1.396532842850412570e-01
1.138200267535498938e-01
1.032993131246746493e-01
1.102688475811206825e-01
1.335063816930166236e-01
1.343896393765663944e-01
1.562931476247669538e-01
1.754605174693167347e-01
1.787309609046213443e-01
1.873437255339689411e-01
2.031715103173132586e-01
2.331108511301580311e-01
2.813589106611846802e-01
4.018886211986774648e-01
4.272102706785472770e-01
3.129905794981536760e-01
2.690995415431702842e-01
2.653488867492626579e-01
2.539525351464851366e-01
2.583306403041196742e-01
3.092079083902415926e-01
3.416594675075819709e-01
3.736702117162869485e-01
2.775210387359000608e-01
2.094824774248833787e-01
1.872632889406620205e-01
1.782975832481551448e-01
1.915832845938369722e-01
2.354461387002646511e-01
2.619566383161564538e-01
3.032853087730809638e-01
4.258477586542154469e+00
2.412803988773937647e+00
1.749481743395037814e+00
1.530851361934399746e+00
9.999560740438554474e-01
7.733729353375743409e-01
6.292461342495014875e-01
4.692314633070327479e-01
3.817082150990374623e-01
3.129509002991355815e-01
6.615573101023412839e-02
2.216841517278902995e-02
1.538258256533979462e-02
1.179207006183851519e-02
8.804793137090217645e-03
6.712722147648047394e-03
5.631560624083050727e-03
5.064981340677328879e-03
4.554545639432458493e-03
4.081030761716859107e-03
1.046264095830517771e-01
1.158509303386616285e+00
7.055207536015587477e-01
6.007099446279107191e-01
5.010636217762267641e-01
5.073361171079827647e-01
5.521352095641779423e-01
5.094370343487971686e-01
5.674452829428173750e-01
2.183293211808396084e+00
1.188822939846017501e+00
8.092010674662487579e-01
7.093169551565313702e-01
5.939615709589967096e-01
6.119654567912239385e-01
5.997452390350138662e-01
6.523089640104198228e-01
9.690630836901714673e-02
1.682868505711672125e-01
2.443873418399352127e-01
3.128087069799612152e-01
3.553283389436194262e-01
3.998807161219627981e-01
4.517649881719759675e-01
4.978141201761594470e-01
1.097727273131095249e-01
1.615645416422993030e-01
2.228073603650896628e-01
2.770031852915090798e-01
3.121298267391170445e-01
3.455398955472544498e-01
3.826503746329095734e-01
4.066809233046360106e-01
8.193652372979955134e-02
1.392409215775691489e-01
1.994437321512385619e-01
2.580682769545362132e-01
2.968673861583306928e-01
3.352693567026774346e-01
3.725745071113302775e-01
4.050437265229727690e-01
1.077674677031896788e-01
1.808526125151096176e-01
2.415803269132492381e-01
3.020558416831718995e-01
3.382966119275693795e-01
3.675342138264791614e-01
3.945507364585960630e-01
4.104085197688688291e-01
2.411934535999126084e+01
4.302084808453228959e+01
8.160813893563663157e+01
8.495320742869120068e+01
3.093469490407691680e+01
2.005477035928151608e+01
1.736971434191962942e+02
2.358602797911814974e+01
1.481470880799427619e+02
1.030265588494897884e+02
8.420218204478044299e+01
8.938427704279932051e-01
5.049308272330345915e+01
5.027821791192840095e+01
3.202828405877387041e+01
2.936161713510787763e+01
1.730918244841494413e+02
8.407634274245467054e+01
1.249644895519863610e+02
3.256094170811472566e+01
2.104755995682688763e+01
1.730918244841494413e+02
1.423108371239840722e+02
6.647431194242186336e+01
1.915336418497799187e+01
1.733268229304104580e+02
6.170628851964113437e+01
4.987233140474384641e+01
2.783340982517420770e+01
1.255687887385139732e+02
1.759591940521604059e+01
1.726563758594093372e+02
1.425173751687497941e+02
6.651003252258981036e+01
1.946725558644891763e+01
2.565924800733200328e+01
5.807433154480095538e+01
2.517218329724173032e+02
5.297688217486778939e+01
4.633272457715701620e+00
1.730663123734134388e+02
2.619881505137414024e+01
4.748137734712445734e+01
2.651813426542629415e+01
1.275714535299385801e+02
5.762158211788921847e+01
2.376002521155923475e+01
2.278458008251559974e+01
9.821779795260609092e+01
1.246565585333211601e+02
6.010125470406782711e+01
6.495246970878167758e+01
3.828816968282188071e+01
6.307562583114734878e+01
1.269915666506991698e+02
7.673034098203469711e+00
6.587213280074773192e-02
1.789789636314022303e+01
8.456824263202797343e-02
9.940513156536308514e+00
4.692970415349849433e-02
8.629158633135945777e+00
2.043020662695805290e-01
1.700847962809885061e+01
2.162372342975243944e-01
2.783488674309084132e+01
3.143340058824600214e-01
4.530357261665631796e+00
5.618073385862766556e-02
2.321644174427864726e+01
2.632047473347585154e-01
3.455529850247588630e+00
5.827796254872725373e-02
9.104382655909573629e-02
9.001471868125109077e-02
4.690866466410002766e-02
3.361423906814073326e-01
6.102702754201830976e-02
3.595778029348914440e-01
2.470746658602056911e+01
5.995949834177965315e-02
2.545657026561336522e+00
1.954403373146337553e-01
3.538358393262657664e+00
7.633521259396908931e+01
5.301593548454259786e-01
4.522157052596824656e-01
7.499049258969302245e-02
6.824263692073420096e-01
2.957712500347302509e+01
1.561167957315408861e-01
9.633246793986938172e-01
5.229191519883769068e-02
1.677167526070445946e+00
9.891350644056378982e+00
2.237577346710225290e-01
3.467224617738765002e-01
5.840845863179539715e-02
3.796645246603658763e-01
2.386267714887632252e+01
7.129709478968264402e-02
7.829339120414477993e-01
1.285868260111665551e-01
7.741241796834477107e-01
2.621441516471368871e+01
8.418678863765836906e-02
2.948683457240953709e-01
9.160787993676058893e-02
3.442855191724454866e-01
2.498646986055607755e+01
6.286934752413692040e-02
5.115931013889845058e-01
8.005324541527748805e-02
5.369633958106142524e-01
2.620803724107743093e+01
7.959310048181995889e-02
3.390612201306045792e-01
8.344354166917404558e-02
3.670960316096546494e-01
2.469287355847130883e+01
6.014888120869467392e-02
9.906129484780286987e+00
8.013956040785766177e+00
5.766120043982651211e+00
2.715061105731986224e+00
9.260977946802196215e+00
6.999029377501389426e+00
1.226077879306620488e+01
1.627529548972130513e+01
1.009779141041100026e+01
8.318362348506687098e+00
9.906129484780286987e+00
8.013956040785766177e+00
9.906129484780286987e+00
8.013956040785766177e+00
9.906129484780286987e+00
8.013956040785766177e+00
9.906129484780286987e+00
8.013956040785766177e+00
5.017419311226566370e-01
6.359975759925701189e-01
5.824450786754066245e-01
7.766837027367431423e-01
7.125970425733796354e-01
9.413882162370904583e-01
8.822205530682811769e-01
1.129643519752973946e+00
1.071641540780048807e+00
1.334284945307995240e+00
1.270020486566838969e+00
1.549436544900973267e+00
1.472936210962599191e+00
1.771151272440043556e+00
6.229666210885003164e-01
9.057671825361298668e-01
9.167793116719635815e-01
1.306488931990653857e+00
1.313182400443281495e+00
1.752441315982466108e+00
1.749376198375477198e+00
2.221597495435445158e+00
2.196099812134843621e+00
2.702584510987698252e+00
2.645131862830319758e+00
3.189582882728964730e+00
3.094530209465971904e+00
3.679689290279043234e+00
5.173667518990954228e-01
6.457581540123795705e-01
6.299172942081929794e-01
8.187572927905684139e-01
7.857005971517316834e-01
1.026602825316290657e+00
9.758047246435679334e-01
1.256855320745561277e+00
1.187487425260827623e+00
1.500353654079256138e+00
1.411352403940718592e+00
1.751988720890834683e+00
1.641862923390537965e+00
2.008836078368986922e+00
1.016858415843335584e+00
1.324676691565869868e+00
1.730437393857787498e+00
2.276264494502032498e+00
2.560715773002549600e+00
3.202804500677550958e+00
3.420382715121938588e+00
4.120112151391825073e+00
4.287566987921319850e+00
5.033910724393984459e+00
5.156098853698904527e+00
5.947552233144869582e+00
6.024054935576558023e+00
6.862736154025418145e+00
5.078656003993803347e-01
6.443811444031843916e-01
5.978442125472379631e-01
7.948235839022073090e-01
7.397582711981405268e-01
9.686579176985720130e-01
9.221761390228692123e-01
1.166303027062290276e+00
1.124962947370373278e+00
1.380628815362264783e+00
1.337022457523787011e+00
1.605668403676797196e+00
1.553699015565949360e+00
1.837424293208173243e+00
5.451901658836794118e-01
5.944542037229689768e-01
6.543822382775917879e-01
7.249360762553028747e-01
8.047216353396223765e-01
8.921122764980083941e-01
9.856985045125713496e-01
1.084189550297825377e+00
1.186570092495431439e+00
1.292020426423458712e+00
1.399862696737779189e+00
1.509579794326529445e+00
1.620776160469929339e+00
1.733134666630175014e+00
4.838185938731511815e-01
5.042918455971884262e-01
5.295188068826706118e-01
5.592496251094447590e-01
5.935231813018575497e-01
6.322348105658480710e-01
6.749272296799228021e-01
3.361423906814073326e-01
4.272747736038851607e-01
4.895352993742688175e-01
5.984265651551172738e-01
6.911416027887626878e-01
7.827462597088071794e-01
8.625165921571342764e-01
9.283617126197653002e-01
9.742902386689015204e-01
1.007478447357359030e+00
1.029333097670620534e+00
1.040082661091439764e+00
1.031048768534140292e+00
1.022552328442738689e+00
1.004602418754826365e+00
2.545657026561336522e+00
2.421239528663911234e+00
2.282437563560554494e+00
2.389059506248723430e+00
2.451631445822727073e+00
2.563625071008194478e+00
2.643318446175228598e+00
2.734320717669303402e+00
2.769447939456443741e+00
2.810494414742452651e+00
2.821526997446350826e+00
2.828114885001094425e+00
2.775398130865258661e+00
2.768846696787867767e+00
2.739549816746316147e+00
4.522157052596824656e-01
5.537456335544557184e-01
6.266006905136550786e-01
7.337165435888389764e-01
8.300013587734839104e-01
3.361423906814073326e-01
4.272747736038851607e-01
4.895352993742688175e-01
5.984265651551172738e-01
6.911416027887626878e-01
7.827462597088071794e-01
8.625165921571342764e-01
9.283617126197653002e-01
9.742902386689015204e-01
1.007478447357359030e+00
1.029333097670620534e+00
1.040082661091439764e+00
1.031048768534140292e+00
1.022552328442738689e+00
1.004602418754826365e+00
2.545657026561336522e+00
2.421239528663911234e+00
2.282437563560554494e+00
2.389059506248723430e+00
2.451631445822727073e+00
2.563625071008194478e+00
2.643318446175228598e+00
2.734320717669303402e+00
2.769447939456443741e+00
2.810494414742452651e+00
2.821526997446350826e+00
2.828114885001094425e+00
2.775398130865258661e+00
2.768846696787867767e+00
2.739549816746316147e+00
4.522157052596824656e-01
5.537456335544557184e-01
6.266006905136550786e-01
7.337165435888389764e-01
8.300013587734839104e-01
9.410134026639134230e-01
1.042055599730684401e+00
1.126239950063745887e+00
1.189680631772986441e+00
1.227135714638664998e+00
1.257040853773267575e+00
1.273605235209134046e+00
1.264347522175703009e+00
1.251634069148297890e+00
1.221529081121550009e+00
9.633246793986938172e-01
8.384201536690589762e-01
7.200644244520731929e-01
6.282566587999108831e-01
5.247501965888937692e-01
4.480737128905571409e-01
3.863084152499635104e-01
3.502408622335191346e-01
3.230877903556391706e-01
3.017031456013717361e-01
2.755084222831637453e-01
2.707447645688872973e-01
2.578088543138445932e-01
2.895946599603647642e-01
2.961517358451083992e-01
3.467224617738765002e-01
4.221579092960445756e-01
4.781162208518511814e-01
5.791772611169265783e-01
6.668591290497403179e-01
7.534182138334976075e-01
8.277912731917224098e-01
8.888606628249569042e-01
9.323219055978456682e-01
9.622421726963441557e-01
9.821726300648783159e-01
9.936390111680932780e-01
9.854583543337985807e-01
9.772398057050947218e-01
9.588707856862944690e-01
7.829339120414477993e-01
8.223953424900199982e-01
8.514391894741993871e-01
9.499362374646529439e-01
1.019567221794421386e+00
1.094026469687647163e+00
1.138789291377952484e+00
1.174668844116208311e+00
1.196519552633669381e+00
1.212190545396763852e+00
1.222512428571971510e+00
1.225412850023231748e+00
1.225305702937538044e+00
1.221312984938866864e+00
1.215713648800503366e+00
2.948683457240953709e-01
4.016526090028903484e-01
4.845748124815687508e-01
5.986981506499756689e-01
6.996222914724856690e-01
7.932920539199628251e-01
8.834747875972931430e-01
9.554994546653980958e-01
1.011699498204564618e+00
1.055271328316598645e+00
1.084723898465842939e+00
1.098585598162318266e+00
1.092509912137090033e+00
1.078621243216969727e+00
1.053975450503082945e+00
5.115931013889845058e-01
5.103825278757423423e-01
5.627221992427344777e-01
6.682021327234668462e-01
7.589047722670516638e-01
8.401922496944543850e-01
9.086903318421978293e-01
9.676420660824962550e-01
1.007731950661573173e+00
1.039671671679211373e+00
1.059580683492009401e+00
1.075185452188850421e+00
1.066522105931680064e+00
1.067135355237262218e+00
1.055379349998027294e+00
3.390612201306045792e-01
4.278902553027009170e-01
4.954052636660981057e-01
6.084585087302820661e-01
7.026205003624530487e-01
7.955150799508456938e-01
8.789480971650619479e-01
9.457510205586785457e-01
9.950273137983969285e-01
1.033448571518598813e+00
1.058230078416565911e+00
1.069984763873053968e+00
1.063466457780966490e+00
1.050362967613400977e+00
1.026542235192667629e+00
2.074815654191847880e+00
5.019606131286898254e+00
1.461800298528993958e+00
7.188802227178220372e-01
3.754356260996145167e+00
1.345018099696228209e+00
6.711716029560055308e-01
6.942513753428666057e+00
3.926685631310837366e+00
2.968057073469462459e+00
2.189859983867253224e+00
2.179548044352376535e-01
1.369041708945419877e+00
7.435794164080836710e-01
1.711189934416028000e-02
1.000678359019114283e-01
2.414082762740034915e-01
9.999999999999999547e-07
9.999999999999999547e-07
9.999999999999999547e-07
9.999999999999999547e-07
9.999999999999999547e-07
9.999999999999999547e-07
9.999999999999999547e-07
1.711189934416003020e-02
6.040963485396341204e-01
1.750057630023603705e-01
5.477244912176446601e-01
2.350945466273782758e-01
2.484162895050590070e-01
1.141083909389123130e-01
1.017527147729840209e+00
3.279437340626144559e-01
4.584050390927840724e-01
1.964571496434124320e-01
2.141369547624682457e-01
1.243324511143221733e-01
9.999999999999999547e-07
9.999999999999999547e-07
9.999999999999999547e-07
9.999999999999999547e-07
9.999999999999999547e-07
9.999999999999999547e-07
4.682931402232175938e-02
2.419592113319503704e-02
9.999999999999999547e-07
9.999999999999999547e-07
7.044215063034840740e-02
4.684030250031299969e-02
4.394642889494095317e-01
3.022140584306319266e-01
2.727383783713807630e-01
9.428287354230742434e-02
2.042917351009196636e-01
2.086585566013172688e-01
1.219590798799612408e-01
1.130001088468592235e-01
4.984634917072893606e-02
1.022255840566486662e-01
5.530963721713862968e-01
3.059103994553596939e-01
4.157385943025190822e-01
3.417256935861117118e-01
5.439006997286499612e-01
3.589176524101296839e-01
1.122153720786338710e-01
6.941951926336177581e-02
1.237928396890467519e-01
1.497456879007092179e-01
2.430248973782985211e-01
1.817444619374368187e-01
1.203842651691500037e-01
2.095595133650089356e-02
4.359024575812205787e-02
9.999999999999999547e-07
2.705610365765243400e-02
1.210111905702778053e-02
3.628954103289760286e-02
1.558272130909519049e-01
2.333509761414591377e-01
1.232813085045059570e-01
1.843181606301590225e+00
7.431501891481799849e-01
4.603699283372240658e-01
1.218358777534330084e+00
3.249450015144159654e-01
1.196708187167505821e+00
9.204288053527435176e-01
9.999999999999999547e-07
9.999999999999999547e-07
2.704976236993760288e-02
3.541535559249736065e-01
6.509431020908969245e-02
9.999999999999999547e-07
3.387758517026286387e-01
8.952328607113756165e-02
7.635270479807396149e-02
1.559852451218912139e-01
9.999999999999999547e-07
2.420123811405631292e-02
2.271689238805737199e-01
2.221668211363237166e-01
9.999999999999999547e-07
1.782662514339171667e-01
2.278485734986829547e-01
2.731404666184280572e-01
1.210111905702755675e-02
2.492520934643700226e-01
5.544529727900463639e-02
1.571772216973613689e-01
1.711189934416017938e-02
1.722600552998590218e-01
4.983258116322812625e-02
2.963649994605665333e-02
2.962926347976949787e-02
3.420775724065818618e-02
1.210111905702850391e-02
6.392021152606909562e-02
1.519457877567187143e-01
2.704976236993930638e-02
2.924852989761752009e-01
8.170814613990882158e-01
2.531239012727026227e-01
1.078033199156677446e-01
1.050514777827177837e-01
6.284129022854109681e-02
1.150195455696658292e-01
9.999999999999999547e-07
8.780495499493223832e-02
6.275524127746473502e-02
9.999999999999999547e-07
1.739837118522260806e-01
3.220330188225447032e-01
2.371030878353480864e-01
4.360205056423049896e-02
3.076987871576331024e-01
2.411940240233617638e-01
3.048741683068054154e-01
1.392872170163956258e-01
1.756589668568310503e-01
8.272200766889878376e-02
1.109027432351263609e-01
1.869227944851109546e-01
3.420775724065833190e-02
1.642590648285740806e-01
4.697841762687827161e-01
8.090911140645307142e-02
2.991574722195546321e-01
1.299165553224196634e-01
5.919597751888951154e-02
5.666824552200038639e-02
3.327850711716338949e+00
5.541791634257794641e+00
2.008609778351914787e+00
3.569251800413785425e+00
1.225794969732736384e+00
7.188802227178220372e-01
1.101074910902884563e+00
2.308844005994085791e+00
2.407839170836478249e-01
2.589213730783725520e+00
5.320793811533238715e-01
6.617149380596704100e-02
5.411264137793243556e-01
2.490587956748080423e-01
2.992188225076778951e-01
8.612106656024452744e-02
2.085945232329732557e-01
1.245921577301545513e+00
7.435794164080836710e-01
2.338771083283937569e-01
4.489496766137101025e-01
1.109344483386397878e-01
9.934738127115193274e-02
2.419751139801878115e-01
1.210111905702850391e-02
4.017765278670209383e+00
1.728739462975508845e+00
1.847291642754717467e+00
7.244378423297328506e-01
7.045569646159537402e-01
4.631593645693439232e-01
1.974561616853955648e-01
1.807755818189525077e-01
2.589502189015597255e-01
3.766652654437158132e-01
6.588960364512105317e-01
1.748233460312327014e-01
9.495572752727211852e-02
9.801469034476716080e-02
4.646109659270023506e-01
3.382824183930458473e-01
1.725105334183150152e+00
4.699754790007060201e-01
2.359325549432888802e-01
3.548489259966332576e-01
2.135160038522432580e-01
8.907036119854920386e+00
8.142357455856053861e+00
8.569254567547545109e-01
8.355921311481899760e-01
3.340230693941692142e+00
1.899642156763289735e+00
4.186348782883355213e+00
1.339829054906177097e+00
4.582150361432542063e-01
6.623951081715707956e-02
1.759828883873973737e+00
9.946631077578843572e-01
2.090882192729605293e+00
1.375678817941694998e+00
1.172125087780642172e+00
3.823326359081420378e-01
6.668309173404489698e-01
7.255917070280835934e-02
2.963649994605636884e-02
9.999999999999999547e-07
5.530963721713862968e-01
4.556355824077759076e-01
5.700152989065214726e-01
3.272394850643000064e-01
2.985164837372434876e-01
3.451316980550366842e-01
1.513758671185053029e+00
5.801484375956187378e-01
4.785862332264408381e-01
1.169519739962368909e+00
1.602872647877507106e-01
1.060485717843306364e-01
1.738325442022407019e-01
1.914338477075200329e-01
1.614887833566691078e-01
3.512875130036365312e-01
8.820525490038988448e-01
5.252777195763573825e-01
2.487427931419514959e-01
1.961388312891970132e-01
9.592811288077049414e-02
9.899471883505535363e-02
5.077761187015998878e-01
3.064676454233381531e-01
5.542208749751047214e-02
9.999999999999999547e-07
1.210111905702752379e-02
1.478096046641058370e-01
7.835827917151334809e-02
9.999999999999999547e-07
9.999999999999999547e-07
9.999999999999999547e-07
3.355122362766684851e-01
1.210111905702850391e-02
9.999999999999999547e-07
2.064817052931845753e-01
5.128772756967785867e-02
2.705610365765111214e-02
8.624944956292075748e-02
5.147438321237495229e-01
1.064092929275729654e-01
8.700221520282294674e-02
5.447109413375433862e-01
7.838016866725384946e-02
6.502839291602208194e-02
9.999999999999999547e-07
3.628008535140436752e-02
2.587436138642837391e-01
1.210111905702755675e-02
5.544529727900463639e-02
1.607830872968926406e-01
4.286308088611916922e+00
8.179252832470734758e-01
4.185847046807560368e+00
5.509858467841619589e-01
2.389463103359128482e+00
7.744148481237256298e+00
4.978004513167155309e+00
6.760857717580912030e-02
8.146314061546220398e-01
2.117785074032872750e+00
2.510803701509056740e+00
9.157524553206949358e-01
2.447687427167402063e+00
4.014715038148230164e+00
3.487353747819889715e+00
8.282692402930462716e-01
1.776311670456951708e+00
1.782233247575155000e+00
4.972499012462141543e+00
1.872639128755655191e+00
8.450570746246269249e-02
1.148270714843929591e-01
1.026393665211534495e-01
6.445974894731766602e-02
1.412553949206615256e-01
1.827806633710829520e-01
3.621533876920658701e-02
7.555677374011225966e-01
1.053339502696008845e+00
2.038262962804298439e+01
2.691160731809391748e+01
1.025807540704133558e+01
1.146035105610717642e+00
9.999999999999999547e-07
9.999999999999999547e-07
5.954772018433408115e-03
1.608172795152650325e+00
9.999999999999999547e-07
9.999999999999999547e-07
2.763671901148199161e-01
5.411052427519453811e-01
5.816192700968273455e-01
3.786554213665888069e-01
1.090954617439004876e-01
2.764659884784055777e+00
1.182917639015419881e-01
1.571234087376321575e+01
3.602581559608763584e+00
5.492741834064500672e-01
6.521349977527745034e-01
9.999999999999999547e-07
9.999999999999999547e-07
9.999999999999999547e-07
9.999999999999999547e-07
9.999999999999999547e-07
8.635910036171223769e-02
8.792715799473520277e-02
9.999999999999999547e-07
9.999999999999999547e-07
9.999999999999999547e-07
9.999999999999999547e-07
9.999999999999999547e-07
9.999999999999999547e-07
5.038147503094535240e-02
9.999999999999999547e-07
6.030799338023414002e-02
9.999999999999999547e-07
9.999999999999999547e-07
9.999999999999999547e-07
6.773116766993943216e-03
9.999999999999999547e-07
4.588465146426427138e-02
9.999999999999999547e-07
9.999999999999999547e-07
9.999999999999999547e-07
9.999999999999999547e-07
9.999999999999999547e-07
8.075696252882157145e-02
9.999999999999999547e-07
9.999999999999999547e-07
9.999999999999999547e-07
9.999999999999999547e-07
9.999999999999999547e-07
9.999999999999999547e-07
9.999999999999999547e-07
8.924253836032748632e-02
2.288067909738320083e+00
2.089199336905023241e-01
4.404609701831300406e+00
9.934738127115193274e-02
1.299406453131355610e+00
4.215989092774186098e+00
3.440205039480851212e+00
2.419592113319489826e-02
3.147372498593689616e-01
2.254149202751244196e+00
3.086440114131283163e+00
1.066330983002363730e+00
1.066360261552586897e+00
7.169820029382414361e-01
1.313879152927529992e+00
1.117519781893769604e-01
9.191525611936530726e-01
4.391070719470156480e-01
1.170097641631806740e+00
2.095177654968720660e-01
2.419592113319582807e-02
5.542208749750894559e-02
1.711189934416000244e-02
4.836158681481663585e-02
1.632922779981598738e-01
1.906643384014492792e-01
4.010315657409761758e-02
4.178189038225792462e-01
3.314742335527695039e-01
2.022128579428614792e+00
2.108600710900033093e+00
1.818258001478141983e+00
2.116505281541008476e-01
9.999999999999999547e-07
9.999999999999999547e-07
5.674765434895529675e-02
3.070835190438159779e-01
9.999999999999999547e-07
9.999999999999999547e-07
7.045858686860601017e-02
1.064092929275729654e-01
4.105763147443605154e-01
2.676044289546414823e-01
8.007687999342424923e-02
5.454575948826753118e-01
1.210111905702795400e-02
1.177479938160322037e+00
5.937264029281718036e-01
1.629344395289105130e-01
3.357171377450072769e-01
9.999999999999999547e-07
9.999999999999999547e-07
9.999999999999999547e-07
9.999999999999999547e-07
9.999999999999999547e-07
6.502839291602208194e-02
1.711189934416034591e-02
9.999999999999999547e-07
9.999999999999999547e-07
9.999999999999999547e-07
9.999999999999999547e-07
9.999999999999999547e-07
9.999999999999999547e-07
5.133369803248314517e-02
9.999999999999999547e-07
1.210111905702935739e-02
9.999999999999999547e-07
9.999999999999999547e-07
9.999999999999999547e-07
2.963649994605636884e-02
9.999999999999999547e-07
1.210111905702746654e-02
9.999999999999999547e-07
9.999999999999999547e-07
9.999999999999999547e-07
9.999999999999999547e-07
9.999999999999999547e-07
1.711189934416023489e-02
9.999999999999999547e-07
9.999999999999999547e-07
9.999999999999999547e-07
9.999999999999999547e-07
9.999999999999999547e-07
9.999999999999999547e-07
9.999999999999999547e-07
5.131113586098957902e-02
2.809080873734555617e+00
1.056174098293320984e-01
4.527278110453459292e-01
1.433101519711478034e+00
1.003084051745434913e+00
8.764611365288573763e-01
1.386223523617883702e+00
1.062479859148432126e+00
1.220878558589197471e+00
1.471705065182128847e+00
2.030342809599255727e+00
2.641203002859522919e-01
2.386974326445733929e+00
2.957558170724122970e+00
2.365940525732839195e+00
2.941637065526146788e+00
2.918804709076462167e+00
2.533621371203393036e+00
3.494286660917926834e+00
3.389033949575330329e+00
7.212244022113553088e-01
4.985839305844369518e-02
2.546799706970868660e-01
3.136523157537582374e-01
3.449663923508562990e-01
3.236095258573505329e-01
4.149654397317041887e-01
3.793067181839994140e-01
4.870869521916288969e-01
4.127016129313967885e-01
1.773987954263478717e-01
8.506956510702702312e-01
3.413005531016654048e-01
4.119399883378608296e-01
4.964434657321529776e-01
4.864051301741825761e-01
4.464000749717476624e-01
5.481178008361410336e-01
6.447910547581146012e-01
5.370173752643484510e-01
9.999999999999999547e-07
1.210111905702859585e-02
2.665099110989110898e+00
3.353470301838607170e+00
3.241986841807698472e+00
3.409655957976495344e+00
3.485654514098597279e+00
3.528857226174752171e+00
3.818333962010651561e+00
3.704019905615135499e+00
4.694741938339608289e+00
7.037317290073427101e-01
3.351677494004609237e+00
3.015465670806650067e+00
2.978539328457217472e+00
4.537426401583675606e+00
3.778458400890481350e+00
4.142131119099480507e+00
4.818039835587198283e+00
4.298285386173150258e+00
2.302325495952556034e-01
1.099728849993292096e-01
6.636358966857669461e-01
6.102623523163637209e-01
6.494143295442125208e-01
6.652237209074799429e-01
7.125219827850225451e-01
5.738699610761472947e-01
7.668949337340336125e-01
6.668628481220666426e-01
6.988508308261124347e-01
1.934757646783259233e+00
1.245942763341017390e+00
7.630221108483052905e-01
1.185917001806316984e+00
1.236655470630809939e+00
1.395069978179230841e+00
1.658459267194299258e+00
1.629808200054789769e+00
1.688697423083573845e+00
9.999999999999999547e-07
2.420123811405493555e-02
4.622097873436711524e+00
5.641695203252290902e+00
6.474631060312637132e+00
6.562350989558190406e+00
6.613893824594466508e+00
7.102005419947002629e+00
7.186547944030145629e+00
6.936880551316301435e+00
8.942942525314360180e-01
9.999999999999999547e-07
1.499581848830916220e-01
5.921118980219253897e-02
1.103188315254912538e-01
5.919597751889089238e-02
1.417420131559032348e-01
8.962957299680192336e-02
1.744998481402695312e-01
1.072974973325589026e-01
9.999999999999999547e-07
1.067292229764553457e-01
1.325010040615366425e-01
6.617149380596774877e-02
1.200505347116551241e-01
1.036750537304589187e-01
1.085431154003571735e-01
9.805843571764320810e-02
1.144180380852184570e-01
7.142823505696388464e-02
2.095595133650074438e-02
4.527028970584416612e-02
8.523918428395124147e-01
7.730284770872448696e-01
8.480009197901863249e-01
8.347447499995461762e-01
9.111274385454963820e-01
8.431176772459314517e-01
8.520082736943135338e-01
9.791004013888569002e-01
1.046272391680815206e+00
1.025995381081885038e-01
1.605125249061626069e-01
2.147608030756873454e-01
2.269829884081181748e-01
1.787601877185164834e-01
2.906759736961659346e-01
3.414663147261526310e-01
2.384332251780797718e-01
3.370414757031206521e-01
2.163979363537111844e-01
4.417004719592875217e-01
8.172498220372590438e-01
8.885856912497291926e-01
9.178530495603559602e-01
9.264488571406332973e-01
9.294299339952606376e-01
8.869257416727892585e-01
9.811524318855886495e-01
1.018306975129619651e+00
7.549723500887346894e+00
7.171972102856308595e+00
9.657199067478950738e+00
1.048359979908816619e+01
9.750783975445575180e+00
9.037646199775325684e+00
8.989781339850265951e+00
8.437376842338400351e+00
7.847933863939395849e+00
7.308543434514683135e+00
1.961100073818234364e+02
4.757869228339436631e+02
5.417431895057775648e+01
1.027817524027965312e+01
4.507811260464319503e+01
2.289135875576896950e+01
5.123352217222150173e+00
7.779596114342783864e+00
7.475204106774167485e+02
2.137461884009112509e+02
2.334452291137641922e+01
5.372348546832941452e+01
3.572112105191089881e+01
5.866792325961737831e+00
2.610801518792093745e+01
1.991399628628683161e+01
1.645168807269434152e+00
7.652653834589070669e+00
4.971799992398786117e+00
1.057652788588158366e+00
1.147877648506409193e-01
1.966737899627463371e+00
3.933770794684391170e+00
1.103561700926706246e+00
3.158898763042699565e-01
2.904038573687182101e-01
2.279168510657087410e+01
5.570855774301100460e+00
1.779584200347891887e+00
7.549213406762521616e-01
5.091586269293007838e+00
4.758178350271961010e-01
2.703520748649455907e+00
4.613162567455682539e-01
2.178031430265347790e-01
5.779463027268089803e+00
6.275524127746703873e-02
3.748691518888713770e-01
2.866835064491141116e-01
4.220794919507396825e-01
1.140422240679998256e-01
3.941980122388321073e-01
3.584520664417097380e-01
1.286725332119964538e-01
1.082622241916706834e-01
6.502839291602208194e-02
3.628008535140238994e-02
3.200083690403857789e-02
3.270942446277194660e-01
2.486119843895913395e-01
2.563705768355379333e-01
7.438877192178343367e-02
9.999999999999999547e-07
1.711189934416034245e-02
9.999999999999999547e-07
9.999999999999999547e-07
1.210111905702830962e-02
9.999999999999999547e-07
2.419592113319493296e-02
4.010315657409728451e-02
3.297835825062226944e-01
1.852504329475328504e-01
9.999999999999999547e-07
9.999999999999999547e-07
9.999999999999999547e-07
9.999999999999999547e-07
6.502839291602208194e-02
2.419592113319582113e-02
4.681649087151527194e-02
7.725228860041107037e-02
4.359024575811635410e-02
1.210111905702795400e-02
9.999999999999999547e-07
9.999999999999999547e-07
9.999999999999999547e-07
9.999999999999999547e-07
9.999999999999999547e-07
2.419592113319595297e-02
9.999999999999999547e-07
9.999999999999999547e-07
9.999999999999999547e-07
9.999999999999999547e-07
9.999999999999999547e-07
9.999999999999999547e-07
9.999999999999999547e-07
1.210111905702780655e-02
9.999999999999999547e-07
9.999999999999999547e-07
9.999999999999999547e-07
9.999999999999999547e-07
1.711189934416034591e-02
9.999999999999999547e-07
9.999999999999999547e-07
9.999999999999999547e-07
9.999999999999999547e-07
9.999999999999999547e-07
9.999999999999999547e-07
9.999999999999999547e-07
3.823970997988191539e-02
9.999999999999999547e-07
9.999999999999999547e-07
9.999999999999999547e-07
9.999999999999999547e-07
9.999999999999999547e-07
9.999999999999999547e-07
9.999999999999999547e-07
9.999999999999999547e-07
9.999999999999999547e-07
9.999999999999999547e-07
9.999999999999999547e-07
9.999999999999999547e-07
9.999999999999999547e-07
9.999999999999999547e-07
1.210111905702746134e-02
7.038550754193967363e-02
3.753853258378800350e-01
2.687105784282222132e-01
4.200162520247038289e-01
1.773470532531339072e-01
3.877791638664145335e-01
3.561585982526165872e-01
1.270114845168621720e-01
1.082622241916706834e-01
6.613518946348888317e-02
3.628008535140238994e-02
4.681649087151421029e-02
4.764074246180152739e-01
4.995895054686499970e-01
2.700843341828360056e-01
4.834828303012416589e-02
4.983258116322838299e-02
8.090911140645071220e-02
3.420775724065902579e-02
9.999999999999999547e-07
4.188326470523094647e-02
1.711189934416031469e-02
9.999999999999999547e-07
4.990408840348332653e-01
1.134153058072769754e-01
7.818294257430055683e-02
9.254818799496093706e-02
2.962926347977179811e-02
9.999999999999999547e-07
9.999999999999999547e-07
9.999999999999999547e-07
9.999999999999999547e-07
9.999999999999999547e-07
9.332229773869907263e-02
1.210111905702864789e-02
4.188326470523095341e-02
5.127351017882640638e-02
2.095595133649992906e-02
9.999999999999999547e-07
9.999999999999999547e-07
9.999999999999999547e-07
1.210111905702746134e-02
7.438877192179028930e-02
1.210111905702820727e-02
2.419592113319585930e-02
9.999999999999999547e-07
9.999999999999999547e-07
9.999999999999999547e-07
9.999999999999999547e-07
9.999999999999999547e-07
2.628777355706626850e-01
1.210111905702836686e-02
1.210111905702752379e-02
9.999999999999999547e-07
9.999999999999999547e-07
9.999999999999999547e-07
9.999999999999999547e-07
7.535565363083446266e-02
9.999999999999999547e-07
9.999999999999999547e-07
9.999999999999999547e-07
9.999999999999999547e-07
9.999999999999999547e-07
9.999999999999999547e-07
9.999999999999999547e-07
9.999999999999999547e-07
9.999999999999999547e-07
9.999999999999999547e-07
9.999999999999999547e-07
9.999999999999999547e-07
9.999999999999999547e-07
9.999999999999999547e-07
9.999999999999999547e-07
9.999999999999999547e-07
9.999999999999999547e-07
1.210111905702757756e-02
9.999999999999999547e-07
2.095595133650105663e-02
8.692972342397584096e-02
3.877791638664244145e-01
2.759259346524409739e-01
4.195424688366661270e-01
1.730413944200487053e-01
3.861014144482248223e-01
3.510348940083237168e-01
1.224642275709864059e-01
1.062620841618563683e-01
6.613518946348888317e-02
3.628008535140238994e-02
4.523237969001559639e-02
4.752255737273809455e-01
4.986963723329532194e-01
3.023490523949661779e-01
6.158668789664651505e-02
2.181121608881319007e-01
1.757952689837535831e-01
6.829405038582873899e-02
7.438877192178612596e-02
9.999999999999999547e-07
1.210111905702834258e-02
9.999999999999999547e-07
4.604800252941356753e-01
2.255076722598552130e-01
9.635434023712652341e-02
1.773470532531325194e-01
1.350983902218909904e-01
6.613518946348896643e-02
4.983258116322952097e-02
2.704976236993865413e-02
1.711189934416030775e-02
2.962926347977145464e-02
6.934781866871804479e-02
2.419592113319556093e-02
6.158668789664646648e-02
8.775512106641725207e-02
2.095595133650052233e-02
1.210111905702785165e-02
9.999999999999999547e-07
9.999999999999999547e-07
9.999999999999999547e-07
2.095595133650089009e-02
9.999999999999999547e-07
1.210111905702757930e-02
9.999999999999999547e-07
9.999999999999999547e-07
9.999999999999999547e-07
9.999999999999999547e-07
9.999999999999999547e-07
9.254818799496065951e-02
7.818294257430154215e-02
1.711189934416032510e-02
9.999999999999999547e-07
1.210111905702812747e-02
9.999999999999999547e-07
9.999999999999999547e-07
1.007250385359595435e-01
2.419592113319505786e-02
9.999999999999999547e-07
9.999999999999999547e-07
9.999999999999999547e-07
9.999999999999999547e-07
2.419592113319495030e-02
9.999999999999999547e-07
9.999999999999999547e-07
9.999999999999999547e-07
9.999999999999999547e-07
9.999999999999999547e-07
9.999999999999999547e-07
9.999999999999999547e-07
9.999999999999999547e-07
9.999999999999999547e-07
9.999999999999999547e-07
9.999999999999999547e-07
9.999999999999999547e-07
9.999999999999999547e-07
9.999999999999999547e-07
1.270114845168590634e-01
3.923585940379044623e-01
2.675581900608147712e-01
4.194474946135741122e-01
1.710434367184820725e-01
3.920111833008393387e-01
3.554356873222455082e-01
1.253268828857307948e-01
1.069331550268391995e-01
6.613518946348888317e-02
3.200083690403899422e-02
4.359024575811939334e-02
4.597951710673590653e-01
4.972374587801685064e-01
2.659330704994432026e-01
8.609616398776775981e-02
2.135218286311518499e-01
2.107086458558639352e-01
6.158668789664646648e-02
5.536944263957796486e-02
2.704976236993879637e-02
2.419592113319530419e-02
2.419592113319591481e-02
4.790303583368510365e-01
2.820241565401624961e-01
1.224642275709897088e-01
1.653034956820317036e-01
1.677905836382163340e-01
4.188326470523109912e-02
7.241540139053662117e-02
4.359024575812147501e-02
1.711189934416024183e-02
1.711189934416030428e-02
1.177298254062859595e-01
2.095595133650107397e-02
8.090911140645376531e-02
6.829405038582976595e-02
2.704976236993867494e-02
9.999999999999999547e-07
1.210111905702825584e-02
9.999999999999999547e-07
1.711189934416034245e-02
3.823970997988776488e-02
2.419592113319559909e-02
4.010315657409699308e-02
1.210111905702744399e-02
9.999999999999999547e-07
9.999999999999999547e-07
9.999999999999999547e-07
9.999999999999999547e-07
1.345754983361182322e-01
7.140781801023132758e-02
3.823970997988328929e-02
3.823970997988469095e-02
9.999999999999999547e-07
9.999999999999999547e-07
9.999999999999999547e-07
1.366541201826938778e-01
2.095595133650011294e-02
1.711189934416003366e-02
1.711189934416001979e-02
9.999999999999999547e-07
9.999999999999999547e-07
3.420775724065608370e-02
9.999999999999999547e-07
9.999999999999999547e-07
9.999999999999999547e-07
9.999999999999999547e-07
8.090911140645057342e-02
9.999999999999999547e-07
9.999999999999999547e-07
9.999999999999999547e-07
9.999999999999999547e-07
9.999999999999999547e-07
9.999999999999999547e-07
1.711189934416013428e-02
9.999999999999999547e-07
9.999999999999999547e-07
1.852504329475336275e-01
4.004615301927944571e-01
2.986490564621463450e-01
4.095746373697853326e-01
1.677905836382166671e-01
3.836729019050757472e-01
3.340725457078785321e-01
1.115122522127859755e-01
9.709700584265706924e-02
5.793756965810019366e-02
3.420775724065884538e-02
3.823970997988199172e-02
4.339187416107797568e-01
4.980088298892735299e-01
2.575925870675510598e-01
1.042217147203734345e-01
2.716746785144344423e-01
2.246362171519351858e-01
8.609616398776430424e-02
8.609616398776435975e-02
3.823970997988103415e-02
2.095595133650038008e-02
2.419592113319556093e-02
4.848014601558283121e-01
2.887646606039112052e-01
1.195285497220135440e-01
2.222913910122208958e-01
2.081691222408237341e-01
6.829405038582994636e-02
7.725228860041385981e-02
3.823970997988282439e-02
2.095595133650013722e-02
2.704976236994043395e-02
8.692972342397432828e-02
3.420775724065866497e-02
7.910237680809256711e-02
9.635434023712424745e-02
1.711189934416013775e-02
9.999999999999999547e-07
9.999999999999999547e-07
9.999999999999999547e-07
9.999999999999999547e-07
2.704976236994048600e-02
2.095595133649988395e-02
1.711189934415999897e-02
9.999999999999999547e-07
9.999999999999999547e-07
9.999999999999999547e-07
9.999999999999999547e-07
9.999999999999999547e-07
9.560568143913560080e-02
4.983258116322932668e-02
1.711189934416032510e-02
9.999999999999999547e-07
1.210111905702860279e-02
9.999999999999999547e-07
9.999999999999999547e-07
5.793756965810023529e-02
9.999999999999999547e-07
9.999999999999999547e-07
1.210111905702859932e-02
9.999999999999999547e-07
9.999999999999999547e-07
1.210111905702932616e-02
9.999999999999999547e-07
9.999999999999999547e-07
9.999999999999999547e-07
9.999999999999999547e-07
9.999999999999999547e-07
9.999999999999999547e-07
9.999999999999999547e-07
9.999999999999999547e-07
9.999999999999999547e-07
9.999999999999999547e-07
9.999999999999999547e-07
9.999999999999999547e-07
9.999999999999999547e-07
1.711189934416034245e-02
2.240528854839283490e-01
4.218933581514286990e-01
3.432951536166241047e-01
4.019860246430447814e-01
1.653034956820328416e-01
3.773065906916462930e-01
3.434501505528105847e-01
1.207119215706654036e-01
1.055865451745261613e-01
5.917931195988973547e-02
2.962926347977038605e-02
3.420775724065831108e-02
4.312880963669019074e-01
4.959924086738381477e-01
2.468147394022350838e-01
9.176731470148209724e-02
2.556335601598749285e-01
2.175069956023645001e-01
6.390209355006296055e-02
6.390209355006022662e-02
2.419592113319523133e-02
1.210111905702877626e-02
1.210111905702747001e-02
4.788107432255440110e-01
2.450000223269247768e-01
1.082622241916657568e-01
2.243447887036510435e-01
2.036325522857639347e-01
5.403903548973074122e-02
7.241540139053660730e-02
3.200083690403936892e-02
1.210111905702877799e-02
2.704976236994043048e-02
8.001097809747631517e-02
2.419592113319484275e-02
1.055865451745212902e-01
8.179712155557464226e-02
1.210111905702844319e-02
9.999999999999999547e-07
1.210111905702871381e-02
9.999999999999999547e-07
1.711189934416034245e-02
3.823970997988780651e-02
3.200083690404045833e-02
2.962926347976996971e-02
1.711189934416031122e-02
9.999999999999999547e-07
9.999999999999999547e-07
9.999999999999999547e-07
9.999999999999999547e-07
8.267533474598093290e-02
4.681649087151140004e-02
1.210111905702752379e-02
1.711189934416032857e-02
9.999999999999999547e-07
1.210111905702756369e-02
9.999999999999999547e-07
6.158668789664722282e-02
9.999999999999999547e-07
9.999999999999999547e-07
9.999999999999999547e-07
9.999999999999999547e-07
9.999999999999999547e-07
1.210111905702856983e-02
9.999999999999999547e-07
9.999999999999999547e-07
9.999999999999999547e-07
9.999999999999999547e-07
2.095595133649988048e-02
9.999999999999999547e-07
9.999999999999999547e-07
9.999999999999999547e-07
9.999999999999999547e-07
9.999999999999999547e-07
9.999999999999999547e-07
9.999999999999999547e-07
9.999999999999999547e-07
9.999999999999999547e-07
2.732519220052422315e-01
4.474712787476145537e-01
3.709454750197982431e-01
3.870623484872985909e-01
1.571358790122805438e-01
3.807085024487446012e-01
3.377854711185835912e-01
1.177298254062802002e-01
1.042217147203672450e-01
5.536944263957651463e-02
2.962926347977038605e-02
2.962926347977116320e-02
4.097795538639184554e-01
4.858534050363668144e-01
2.534050797418356815e-01
9.018457318302786074e-02
2.534050797418483381e-01
2.122771380652728745e-01
6.502839291602235949e-02
5.127351017882644801e-02
1.711189934416007530e-02
1.210111905702834258e-02
9.999999999999999547e-07
4.621933812670645514e-01
2.407843623600756655e-01
9.635434023712650953e-02
2.386399822627326972e-01
2.006509729598193736e-01
6.613518946348891092e-02
7.910237680809437122e-02
3.628008535140588020e-02
1.711189934416024183e-02
3.200083690403864034e-02
7.241540139053920244e-02
2.704976236993999680e-02
8.179712155557439246e-02
6.502839291602226235e-02
2.419592113319492949e-02
9.999999999999999547e-07
1.210111905702812747e-02
9.999999999999999547e-07
9.999999999999999547e-07
3.200083690403863340e-02
2.095595133649953354e-02
2.419592113319550888e-02
9.999999999999999547e-07
9.999999999999999547e-07
9.999999999999999547e-07
9.999999999999999547e-07
9.999999999999999547e-07
6.722344652279123312e-02
5.536944263957963713e-02
2.095595133650009212e-02
9.999999999999999547e-07
1.210111905702825584e-02
9.999999999999999547e-07
9.999999999999999547e-07
5.267462938724763039e-02
2.095595133650005396e-02
2.419592113319504051e-02
9.999999999999999547e-07
9.999999999999999547e-07
9.999999999999999547e-07
1.711189934416013428e-02
9.999999999999999547e-07
9.999999999999999547e-07
9.999999999999999547e-07
9.999999999999999547e-07
2.704976236993874433e-02
9.999999999999999547e-07
9.999999999999999547e-07
9.999999999999999547e-07
9.999999999999999547e-07
9.999999999999999547e-07
9.999999999999999547e-07
9.999999999999999547e-07
9.999999999999999547e-07
9.999999999999999547e-07
3.465225362905325901e-01
4.707630977995542199e-01
4.074040808417584425e-01
3.793311958648575288e-01
1.558025792224811690e-01
3.740918359524594283e-01
3.286117608976253934e-01
1.146655277585350019e-01
9.560568143913851513e-02
5.267462938724744997e-02
2.704976236993901495e-02
2.095595133649996028e-02
3.893209342254325689e-01
4.726670458460131563e-01
2.249271726742017030e-01
9.408981087288023626e-02
2.378293673907337369e-01
1.965914662656712830e-01
6.934781866871726763e-02
3.200083690403889014e-02
2.704976236993900107e-02
9.999999999999999547e-07
9.999999999999999547e-07
4.495634379304349060e-01
2.263749201152266965e-01
9.408981087287930645e-02
2.184139674845883838e-01
1.867121710692132286e-01
5.793756965810017284e-02
6.390209355006092051e-02
2.095595133650036967e-02
1.711189934415993652e-02
9.999999999999999547e-07
1.108702554353710734e-01
9.999999999999999547e-07
7.631000438437259004e-02
6.722344652279016453e-02
2.095595133649956823e-02
9.999999999999999547e-07
9.999999999999999547e-07
9.999999999999999547e-07
1.711189934416033898e-02
1.210111905702899657e-02
2.419592113319501969e-02
1.210111905702756542e-02
1.210111905702756889e-02
9.999999999999999547e-07
9.999999999999999547e-07
9.999999999999999547e-07
9.999999999999999547e-07
7.038550754193909076e-02
6.275524127746213987e-02
2.095595133650007477e-02
2.962926347977152750e-02
9.999999999999999547e-07
9.999999999999999547e-07
9.999999999999999547e-07
5.917931195988852811e-02
9.999999999999999547e-07
2.419592113319504051e-02
9.999999999999999547e-07
9.999999999999999547e-07
9.999999999999999547e-07
1.711189934416034938e-02
9.999999999999999547e-07
9.999999999999999547e-07
9.999999999999999547e-07
9.999999999999999547e-07
2.095595133649988048e-02
9.999999999999999547e-07
9.999999999999999547e-07
9.999999999999999547e-07
9.999999999999999547e-07
9.999999999999999547e-07
9.999999999999999547e-07
9.999999999999999547e-07
9.999999999999999547e-07
9.999999999999999547e-07
4.029575035752179235e-01
4.939063709867340668e-01
4.506260751260061093e-01
3.567347902661689996e-01
1.436738937662770943e-01
3.655663057648132486e-01
3.117575784122537108e-01
1.115122522127854621e-01
8.525420335340186395e-02
4.681649087151110861e-02
2.704976236993901495e-02
1.711189934416033898e-02
3.869425561967035354e-01
4.664613281512545728e-01
1.982949199552339892e-01
7.818294257430109806e-02
2.339984682357869605e-01
1.819116878032951690e-01
6.275524127746162639e-02
4.983258116322864667e-02
2.704976236993898719e-02
1.210111905702834258e-02
9.999999999999999547e-07
4.314597407026088960e-01
2.075283524883707875e-01
7.438877192178915132e-02
2.097606942407465869e-01
1.746210919327571831e-01
5.793756965810017978e-02
6.613518946348906358e-02
1.711189934416002326e-02
1.711189934416007183e-02
1.711189934416023489e-02
6.158668789664690363e-02
1.210111905702785165e-02
7.438877192178768027e-02
6.039517375106071700e-02
1.711189934416018285e-02
1.210111905702835819e-02
9.999999999999999547e-07
9.999999999999999547e-07
9.999999999999999547e-07
9.999999999999999547e-07
3.420775724066012907e-02
1.210111905702795747e-02
9.999999999999999547e-07
9.999999999999999547e-07
9.999999999999999547e-07
9.999999999999999547e-07
9.999999999999999547e-07
7.038550754193653725e-02
5.793756965810017978e-02
2.704976236993972272e-02
2.962926347977152750e-02
1.210111905702825411e-02
9.999999999999999547e-07
9.999999999999999547e-07
3.200083690403918851e-02
2.095595133649989089e-02
2.704976236993857780e-02
2.095595133649948497e-02
9.999999999999999547e-07
9.999999999999999547e-07
9.999999999999999547e-07
1.210111905702855074e-02
1.210111905702851258e-02
9.999999999999999547e-07
9.999999999999999547e-07
9.999999999999999547e-07
9.999999999999999547e-07
9.999999999999999547e-07
9.999999999999999547e-07
9.999999999999999547e-07
9.999999999999999547e-07
9.999999999999999547e-07
9.999999999999999547e-07
9.999999999999999547e-07
9.999999999999999547e-07
4.472519886059939664e-01
4.998654564357626340e-01
4.747924773597452242e-01
3.276014535316743026e-01
1.270114845168604234e-01
3.591626374866067617e-01
2.948763916759596371e-01
9.783381474189803417e-02
7.535565363083793211e-02
4.523237969001601966e-02
2.419592113319528337e-02
1.711189934416033898e-02
3.499921462983887621e-01
4.312880963669074030e-01
1.903095175895010149e-01
8.267533474597477117e-02
2.222913910122192582e-01
1.512641838335803401e-01
5.267462938724809529e-02
2.419592113319479071e-02
1.711189934416009958e-02
9.999999999999999547e-07
9.999999999999999547e-07
4.277986466883278438e-01
1.938290519685829660e-01
8.609616398776048785e-02
2.107086458558482811e-01
1.601990798596202026e-01
6.275524127746143210e-02
5.536944263957779139e-02
2.419592113319522786e-02
1.210111905702877626e-02
9.999999999999999547e-07
6.502839291601915372e-02
2.095595133649958558e-02
6.158668789664628607e-02
4.681649087151120575e-02
1.711189934416006489e-02
9.999999999999999547e-07
9.999999999999999547e-07
9.999999999999999547e-07
9.999999999999999547e-07
9.999999999999999547e-07
2.419592113319556093e-02
1.210111905702795573e-02
9.999999999999999547e-07
9.999999999999999547e-07
9.999999999999999547e-07
9.999999999999999547e-07
9.999999999999999547e-07
9.332229773870026612e-02
5.917931195988943016e-02
1.210111905702813094e-02
9.999999999999999547e-07
1.210111905702825411e-02
9.999999999999999547e-07
9.999999999999999547e-07
6.613518946348906358e-02
1.711189934416013428e-02
1.210111905702832870e-02
2.095595133649948497e-02
9.999999999999999547e-07
9.999999999999999547e-07
9.999999999999999547e-07
9.999999999999999547e-07
9.999999999999999547e-07
9.999999999999999547e-07
9.999999999999999547e-07
2.419592113319479071e-02
9.999999999999999547e-07
9.999999999999999547e-07
9.999999999999999547e-07
9.999999999999999547e-07
9.999999999999999547e-07
9.999999999999999547e-07
9.999999999999999547e-07
9.999999999999999547e-07
9.999999999999999547e-07
1.035515914555965189e+01
5.288545675307064542e+00
5.195034990902351879e+00
1.078854112160224199e+00
3.085904146424722216e-01
1.173786902653907394e+00
5.863412592824142067e-01
1.629344395289105130e-01
3.357171377450072769e-01
6.831351469828812750e-02
1.822221455695347825e-01
4.361188546173515312e-02
5.661779100458850245e-01
5.065979466749029880e-01
3.218558497797673335e-01
1.132427445517585202e-01
9.999999999999999547e-07
2.705610365765249645e-02
9.999999999999999547e-07
9.999999999999999547e-07
2.420123811405662170e-02
9.999999999999999547e-07
4.361975178313898943e-02
4.010315657409728451e-02
1.720916753201562566e+00
1.112695777104932171e+00
9.999999999999999547e-07
9.999999999999999547e-07
9.999999999999999547e-07
9.999999999999999547e-07
1.283653653491829416e-01
1.618722070283673264e-01
1.635902283361932441e-01
9.349263620566529431e-02
8.289291688386823953e-02
6.050159528515408613e-02
9.999999999999999547e-07
9.999999999999999547e-07
9.999999999999999547e-07
9.999999999999999547e-07
9.999999999999999547e-07
1.257307080190072923e-01
9.999999999999999547e-07
9.999999999999999547e-07
9.999999999999999547e-07
9.999999999999999547e-07
9.999999999999999547e-07
9.999999999999999547e-07
9.999999999999999547e-07
1.210111905702780655e-02
9.999999999999999547e-07
9.999999999999999547e-07
9.999999999999999547e-07
9.999999999999999547e-07
5.411120731530499883e-02
9.999999999999999547e-07
9.999999999999999547e-07
9.999999999999999547e-07
9.999999999999999547e-07
9.999999999999999547e-07
9.999999999999999547e-07
9.999999999999999547e-07
9.824719190105274391e-02
9.999999999999999547e-07
9.999999999999999547e-07
9.999999999999999547e-07
9.999999999999999547e-07
9.999999999999999547e-07
9.999999999999999547e-07
9.999999999999999547e-07
9.999999999999999547e-07
9.999999999999999547e-07
9.999999999999999547e-07
9.999999999999999547e-07
9.999999999999999547e-07
9.999999999999999547e-07
9.999999999999999547e-07
2.420123811405492514e-02
1.469575069017122360e+01
6.413507502480778832e+00
7.576194878822263057e+00
1.583707436094962562e+00
5.167851367988459677e-01
1.647686236675381277e+00
1.130256207222275933e+00
3.037845025371592178e-01
6.708052113934459548e-01
1.669347166256174575e-01
1.019195000410273583e-01
1.837686675018982696e-01
1.518584517160889602e+00
1.855939318306861985e+00
5.670215918405668853e-01
8.464105277109246206e-02
8.288049900666615011e-02
1.271587865289848240e-01
4.986871407561162955e-02
9.999999999999999547e-07
4.188326470523094647e-02
1.711189934416031469e-02
9.999999999999999547e-07
3.042750601357817608e+00
2.048757553166662970e-01
1.144866099624351485e-01
2.689760215583286707e-01
7.746849439643191393e-02
9.999999999999999547e-07
9.999999999999999547e-07
9.999999999999999547e-07
9.999999999999999547e-07
9.999999999999999547e-07
1.417193188831810946e-01
2.420123811405729825e-02
9.444194395162566757e-02
5.538493161591463015e-02
2.095595133649992906e-02
9.999999999999999547e-07
9.999999999999999547e-07
9.999999999999999547e-07
9.680195245621969757e-02
1.201348128386470759e-01
2.420123811405641701e-02
1.280325082567847494e-01
9.999999999999999547e-07
9.999999999999999547e-07
9.999999999999999547e-07
9.999999999999999547e-07
9.999999999999999547e-07
9.443696600851623213e-01
2.420123811405673619e-02
2.420123811405505004e-02
9.999999999999999547e-07
9.999999999999999547e-07
9.999999999999999547e-07
9.999999999999999547e-07
1.616038661721281577e-01
9.999999999999999547e-07
9.999999999999999547e-07
9.999999999999999547e-07
9.999999999999999547e-07
9.999999999999999547e-07
9.999999999999999547e-07
9.999999999999999547e-07
9.999999999999999547e-07
9.999999999999999547e-07
9.999999999999999547e-07
9.999999999999999547e-07
9.999999999999999547e-07
9.999999999999999547e-07
9.999999999999999547e-07
9.999999999999999547e-07
9.999999999999999547e-07
9.999999999999999547e-07
1.210111905702757756e-02
9.999999999999999547e-07
5.133369803248314517e-02
1.712723875232908455e+01
6.371779275313691926e+00
9.311741346018919785e+00
1.734215907188734862e+00
6.254071699309942112e-01
2.195065928775651987e+00
1.376989516323473106e+00
3.184099711260310328e-01
9.480943038616932439e-01
2.060530870730270248e-01
1.324880567055341796e-01
2.059219221974576686e-01
1.519787931775316014e+00
2.019552380558176541e+00
5.110185241124992617e-01
6.833171822918361615e-02
5.585744177726300608e-01
3.204296174544972731e-01
1.328681822523397060e-01
2.408575546129431977e-01
9.999999999999999547e-07
1.210111905702834258e-02
9.999999999999999547e-07
2.665465566757817317e+00
3.434250510424215475e-01
7.354538030128687787e-01
4.459493703475077009e-01
4.413731465347151550e-01
8.875059041470138854e-02
1.670862215281798402e-01
2.704976236993865413e-02
1.711189934416030775e-02
1.075282736657105220e-01
8.099599433158764794e-02
3.200887706419575790e-02
1.100828023428889746e-01
9.720471767392779849e-02
2.095595133650052233e-02
1.210111905702785165e-02
9.999999999999999547e-07
9.999999999999999547e-07
9.999999999999999547e-07
3.629663117741740302e-02
9.999999999999999547e-07
3.630135717108980142e-02
9.999999999999999547e-07
9.999999999999999547e-07
9.999999999999999547e-07
9.999999999999999547e-07
9.999999999999999547e-07
7.215948203110874593e-01
8.785085534993018752e-02
2.705610365765244441e-02
9.999999999999999547e-07
1.210111905702812747e-02
9.999999999999999547e-07
9.999999999999999547e-07
2.553093177425572735e-01
2.419592113319505786e-02
9.999999999999999547e-07
9.999999999999999547e-07
9.999999999999999547e-07
9.999999999999999547e-07
4.191090267299771993e-02
9.999999999999999547e-07
9.999999999999999547e-07
9.999999999999999547e-07
9.999999999999999547e-07
9.999999999999999547e-07
9.999999999999999547e-07
9.999999999999999547e-07
9.999999999999999547e-07
9.999999999999999547e-07
9.999999999999999547e-07
9.999999999999999547e-07
9.999999999999999547e-07
9.999999999999999547e-07
9.999999999999999547e-07
1.733575361918879310e+01
7.295115932785743773e+00
1.144986635095331806e+01
1.562769581698700172e+00
6.336978009177250959e-01
2.330039993445232938e+00
1.145233040134735925e+00
3.167576355235479091e-01
6.985155047618992752e-01
1.602651896553146937e-01
9.051826144690927611e-02
2.045268223911065886e-01
1.251237255334049170e+00
1.519242498358642557e+00
5.259491033362461154e-01
1.065124193283314147e-01
5.793685841484065291e-01
2.949337612997515179e-01
8.370816766377027485e-02
2.393162644688894281e-01
2.704976236993879637e-02
3.825765031924793086e-02
3.200887706419466849e-02
2.541437154029125622e+00
9.419702008365050672e-01
3.455024157639941529e-01
3.346993844040313526e-01
3.027064987922237216e-01
6.840385694995609889e-02
4.175322266219336220e-01
5.541125293908541471e-02
2.705610365765125438e-02
1.209936840364316257e-01
1.427701856483536424e-01
2.095595133650107397e-02
1.349381440632679008e-01
9.510420332490676643e-02
2.704976236993867494e-02
9.999999999999999547e-07
1.210111905702825584e-02
9.999999999999999547e-07
3.422279868832068389e-02
5.672270926820448950e-02
8.116102701381765205e-02
8.803324312668442397e-02
2.420123811405489045e-02
9.999999999999999547e-07
9.999999999999999547e-07
9.999999999999999547e-07
9.999999999999999547e-07
7.048936146797407654e-01
1.569892499231026195e-01
4.837311380187354903e-02
4.360205056423077652e-02
9.999999999999999547e-07
9.999999999999999547e-07
9.999999999999999547e-07
3.481587605862236923e-01
2.095595133650011294e-02
1.711189934416003366e-02
2.705610365765151806e-02
9.999999999999999547e-07
9.999999999999999547e-07
4.011384934214658193e-02
9.999999999999999547e-07
9.999999999999999547e-07
9.999999999999999547e-07
9.999999999999999547e-07
3.034426009354778686e-01
9.999999999999999547e-07
9.999999999999999547e-07
9.999999999999999547e-07
9.999999999999999547e-07
9.999999999999999547e-07
9.999999999999999547e-07
1.711189934416013428e-02
9.999999999999999547e-07
9.999999999999999547e-07
1.810885046196183268e+01
7.608707025003789148e+00
1.073877926108963088e+01
1.556039263082612090e+00
6.442922908490914535e-01
2.328785858945639387e+00
1.063504190159611840e+00
2.792473784495274614e-01
6.969455013856921122e-01
9.966416232645917972e-02
1.384382164499905477e-01
1.436207513544978109e-01
8.921101508094975152e-01
2.116527658182574267e+00
4.129064836002174776e-01
1.430456752179359026e-01
7.821922483119579939e-01
3.587597748133234954e-01
1.359527905982129692e-01
1.540625753909904971e-01
3.823970997988103415e-02
2.963649994605671578e-02
3.825765031924871495e-02
4.242825988341750509e+00
1.041335376918288924e+00
5.039843776087080673e-01
5.662127524477320595e-01
4.466486856255855176e-01
1.158567427530679539e-01
2.491440166566623315e-01
7.648907379297667508e-02
3.629663117742307210e-02
8.468664233189485135e-02
1.610440080066112833e-01
3.420775724065866497e-02
1.473462411401357808e-01
1.043385130893516866e-01
1.711189934416013775e-02
9.999999999999999547e-07
9.999999999999999547e-07
9.999999999999999547e-07
9.999999999999999547e-07
9.292462697715105080e-02
2.095595133649988395e-02
1.711189934415999897e-02
9.999999999999999547e-07
9.999999999999999547e-07
9.999999999999999547e-07
9.999999999999999547e-07
9.999999999999999547e-07
5.531264174099722597e-01
8.965732089299048579e-02
2.705610365765244441e-02
9.999999999999999547e-07
1.210111905702860279e-02
9.999999999999999547e-07
9.999999999999999547e-07
1.346247251876682427e-01
9.999999999999999547e-07
9.999999999999999547e-07
1.210111905702859932e-02
9.999999999999999547e-07
9.999999999999999547e-07
1.210111905702932616e-02
9.999999999999999547e-07
9.999999999999999547e-07
9.999999999999999547e-07
9.999999999999999547e-07
9.999999999999999547e-07
9.999999999999999547e-07
9.999999999999999547e-07
9.999999999999999547e-07
9.999999999999999547e-07
9.999999999999999547e-07
9.999999999999999547e-07
9.999999999999999547e-07
9.999999999999999547e-07
1.711189934416034245e-02
1.974917005629766464e+01
6.528610175800571902e+00
1.151341176363858665e+01
1.624949422038252989e+00
5.088572215007117761e-01
2.157685659027507530e+00
1.192183331988383665e+00
3.700785201616375586e-01
7.267512021840891734e-01
1.039489498734295775e-01
8.970992263894309038e-02
1.061423519597587961e-01
1.473313303934275842e+00
2.367453127315024553e+00
4.494847301401078687e-01
1.406346830905307044e-01
7.156533634746525818e-01
3.117747044764066500e-01
8.369125893614023926e-02
1.454771446632491250e-01
3.825765031924785453e-02
2.420123811405755498e-02
1.210111905702747001e-02
3.294970779799183180e+00
1.215238450247754010e+00
7.373530058373740648e-01
6.321620310691252742e-01
3.708260853313444794e-01
7.643971723531602092e-02
3.025966801806543316e-01
3.200083690403936892e-02
1.210111905702877799e-02
1.245605874677393476e-01
1.213073214445632847e-01
2.419592113319484275e-02
2.231066563375646572e-01
8.945715217056517121e-02
1.210111905702844319e-02
9.999999999999999547e-07
1.210111905702871381e-02
9.999999999999999547e-07
4.988934970424678539e-02
1.341493876982536582e-01
4.361188546173703356e-02
2.962926347976996971e-02
1.711189934416031122e-02
9.999999999999999547e-07
9.999999999999999547e-07
9.999999999999999547e-07
9.999999999999999547e-07
1.100028177608830315e+00
8.110711096749101401e-02
2.420123811405505004e-02
1.711189934416032857e-02
9.999999999999999547e-07
1.210111905702756369e-02
9.999999999999999547e-07
8.370816766376906748e-02
9.999999999999999547e-07
9.999999999999999547e-07
9.999999999999999547e-07
9.999999999999999547e-07
9.999999999999999547e-07
1.210111905702856983e-02
9.999999999999999547e-07
9.999999999999999547e-07
9.999999999999999547e-07
9.999999999999999547e-07
2.095595133649988048e-02
9.999999999999999547e-07
9.999999999999999547e-07
9.999999999999999547e-07
9.999999999999999547e-07
9.999999999999999547e-07
9.999999999999999547e-07
9.999999999999999547e-07
9.999999999999999547e-07
9.999999999999999547e-07
1.962012193646213731e+01
7.282063230148529520e+00
1.337702922561416408e+01
1.658918820857040233e+00
6.006817375038668860e-01
2.190359757429299226e+00
1.173282846552368142e+00
3.531045932457108627e-01
6.216225884743949992e-01
1.046586267308953905e-01
8.204056059465426876e-02
7.839767586333200311e-02
9.060769859998464293e-01
1.784371108489305024e+00
4.824112737633516335e-01
1.572274186559496356e-01
7.593466048281672931e-01
3.767698858860926703e-01
1.046094422382647104e-01
1.146932013801867933e-01
1.711189934416007530e-02
1.210111905702834258e-02
9.999999999999999547e-07
3.787623952368264213e+00
1.045554113547017216e+00
7.552935445581919760e-01
6.754331260926169644e-01
3.669213549630213067e-01
1.093906746268565461e-01
4.703759494568520161e-01
4.189452681902912368e-02
3.422279868832048266e-02
6.285084395079801323e-02
1.261005952398303875e-01
4.526365774515493656e-02
1.676736085763567974e-01
8.011543155871421462e-02
3.200887706419428685e-02
9.999999999999999547e-07
1.210111905702812747e-02
9.999999999999999547e-07
9.999999999999999547e-07
9.447191007003243046e-02
2.095595133649953354e-02
3.200887706419434930e-02
9.999999999999999547e-07
9.999999999999999547e-07
9.999999999999999547e-07
9.999999999999999547e-07
9.999999999999999547e-07
3.624246803508519577e-01
9.045001019547058152e-02
2.963649994605721538e-02
9.999999999999999547e-07
3.630135717108932958e-02
9.999999999999999547e-07
9.999999999999999547e-07
1.184615715108050110e-01
2.095595133650005396e-02
8.468664233188932799e-02
9.999999999999999547e-07
9.999999999999999547e-07
9.999999999999999547e-07
1.711189934416013428e-02
9.999999999999999547e-07
9.999999999999999547e-07
9.999999999999999547e-07
9.999999999999999547e-07
8.024380300955642753e-02
9.999999999999999547e-07
9.999999999999999547e-07
9.999999999999999547e-07
9.999999999999999547e-07
9.999999999999999547e-07
9.999999999999999547e-07
9.999999999999999547e-07
9.999999999999999547e-07
9.999999999999999547e-07
1.973076382050638955e+01
7.172359428530870495e+00
1.206660505823908736e+01
1.650027188710400106e+00
4.463320034510631640e-01
2.270075287252169893e+00
1.112291238721007547e+00
3.074575702395502819e-01
5.024362651877930519e-01
1.060631293157139193e-01
8.467955223450529534e-02
5.133369803248109819e-02
1.061144420671518596e+00
2.321959532355676536e+00
4.069193019246427068e-01
2.273118839551156178e-01
6.809966546842026736e-01
2.610213227404181158e-01
9.958021658705135115e-02
3.824980245619018226e-02
3.421653222204758260e-02
9.999999999999999547e-07
9.999999999999999547e-07
4.524300570836532920e+00
1.138307576377866059e+00
5.544177506064204008e-01
6.124483068911119599e-01
3.466020439283145071e-01
1.285222945497919989e-01
2.686068184583179086e-01
3.629663117742184392e-02
2.705610365765126826e-02
9.999999999999999547e-07
1.870762221748890897e-01
9.999999999999999547e-07
1.686057377924581324e-01
1.010756945397420364e-01
5.133369803247935653e-02
9.999999999999999547e-07
9.999999999999999547e-07
9.999999999999999547e-07
1.711189934416033898e-02
1.210111905702899657e-02
5.410565905436000994e-02
1.210111905702756542e-02
1.210111905702756889e-02
9.999999999999999547e-07
9.999999999999999547e-07
9.999999999999999547e-07
9.999999999999999547e-07
2.645235721974170118e-01
1.561729149947822526e-01
2.963649994605721538e-02
3.628954103290270988e-02
9.999999999999999547e-07
9.999999999999999547e-07
9.999999999999999547e-07
1.146662757820723910e-01
9.999999999999999547e-07
1.680736708587979855e-01
9.999999999999999547e-07
9.999999999999999547e-07
9.999999999999999547e-07
1.711189934416034938e-02
9.999999999999999547e-07
9.999999999999999547e-07
9.999999999999999547e-07
9.999999999999999547e-07
6.286585400949963598e-02
9.999999999999999547e-07
9.999999999999999547e-07
9.999999999999999547e-07
9.999999999999999547e-07
9.999999999999999547e-07
9.999999999999999547e-07
9.999999999999999547e-07
9.999999999999999547e-07
9.999999999999999547e-07
1.942703839674251753e+01
6.351719650649862103e+00
1.197487489435118313e+01
1.564678882281997252e+00
5.209607783491646549e-01
2.249824562069754563e+00
1.041744230395557302e+00
2.453302859862361296e-01
3.780166628579881838e-01
9.047655846674640401e-02
5.273159146255328167e-02
1.711189934416033898e-02
1.329110883233726170e+00
2.451922406408044264e+00
3.369260465862795040e-01
1.487981617650748489e-01
6.931655029077750108e-01
2.817488594577868821e-01
8.876846793984120854e-02
8.964392642925114729e-02
2.704976236993898719e-02
1.210111905702834258e-02
9.999999999999999547e-07
3.921788678856502841e+00
1.541869352221759693e+00
1.449289674533112970e-01
5.948803808356674105e-01
3.403539371860823115e-01
2.098421529895702353e-01
2.260714108545353318e-01
1.711189934416002326e-02
1.711189934416007183e-02
3.422279868832046879e-02
1.945296165513134556e-01
1.210111905702785165e-02
1.508141363369764343e-01
7.044215063034438284e-02
2.705610365765120234e-02
1.210111905702835819e-02
9.999999999999999547e-07
9.999999999999999547e-07
9.999999999999999547e-07
9.999999999999999547e-07
4.011384934214403536e-02
1.210111905702795747e-02
9.999999999999999547e-07
9.999999999999999547e-07
9.999999999999999547e-07
9.999999999999999547e-07
9.999999999999999547e-07
2.655525310396391614e-01
8.106585685390756135e-02
4.361975178314341645e-02
3.628954103290207844e-02
3.630135717108932958e-02
9.999999999999999547e-07
9.999999999999999547e-07
3.200083690403918851e-02
2.095595133649989089e-02
8.554346536115940702e-02
2.095595133649948497e-02
9.999999999999999547e-07
9.999999999999999547e-07
9.999999999999999547e-07
2.420123811405710396e-02
1.210111905702851258e-02
9.999999999999999547e-07
9.999999999999999547e-07
9.999999999999999547e-07
9.999999999999999547e-07
9.999999999999999547e-07
9.999999999999999547e-07
9.999999999999999547e-07
9.999999999999999547e-07
9.999999999999999547e-07
9.999999999999999547e-07
9.999999999999999547e-07
9.999999999999999547e-07
1.883612369325856406e+01
6.915456067084161162e+00
1.188102010995399027e+01
1.461325051074715997e+00
3.591837717111198702e-01
2.305095322602010555e+00
9.628287412010227975e-01
1.913460091841318600e-01
3.382084364079374073e-01
6.397922709401825114e-02
5.132784953294284441e-02
3.826325495020745787e-02
7.632886753207989150e-01
1.647788107287647907e+00
3.460439294818579703e-01
2.710406099320974982e-01
5.845458764628819193e-01
2.156790253097078114e-01
6.395240858717868293e-02
9.678068453277915983e-02
1.711189934416009958e-02
9.999999999999999547e-07
9.999999999999999547e-07
4.397724640585180644e+00
1.623067463121744103e+00
2.013148059882195473e-01
6.109533952682478786e-01
3.287226731767836085e-01
1.351477439407803294e-01
1.639564446575781376e-01
2.419592113319522786e-02
2.420123811405755498e-02
9.999999999999999547e-07
1.764387443662227550e-01
2.095595133649958558e-02
1.821557643514077618e-01
6.839194362601230814e-02
1.711189934416006489e-02
9.999999999999999547e-07
9.999999999999999547e-07
9.999999999999999547e-07
9.999999999999999547e-07
9.999999999999999547e-07
2.419592113319556093e-02
1.210111905702795573e-02
9.999999999999999547e-07
9.999999999999999547e-07
9.999999999999999547e-07
9.999999999999999547e-07
9.999999999999999547e-07
3.170757801805388354e-01
1.679205029247207992e-01
1.210111905702813094e-02
9.999999999999999547e-07
1.210111905702825411e-02
9.999999999999999547e-07
9.999999999999999547e-07
8.367332170327937413e-02
1.711189934416013428e-02
1.210111905702832870e-02
2.095595133649948497e-02
9.999999999999999547e-07
9.999999999999999547e-07
9.999999999999999547e-07
9.999999999999999547e-07
9.999999999999999547e-07
9.999999999999999547e-07
9.999999999999999547e-07
9.678068453277915983e-02
9.999999999999999547e-07
9.999999999999999547e-07
9.999999999999999547e-07
9.999999999999999547e-07
9.999999999999999547e-07
9.999999999999999547e-07
9.999999999999999547e-07
9.999999999999999547e-07
9.999999999999999547e-07
5.876225441791427251e-01
6.480660109116804790e-01
4.954906477515978458e-01
6.799176450462821597e-01
6.722472877381553413e-01
4.604046876985004033e-01
6.788649638716197643e-01
4.547972468088788411e-01
4.859907035340451653e-01
7.422389569599124881e-01
4.945409933914030609e-01
1.114121816932003668e+02
5.200524897589724471e-01
2.045689400554405779e+01
4.876551758305493678e+01
3.614739723343372901e+01
5.112024667814938361e-01
5.510205129660221690e-01
5.638497327864786257e+01
5.384858960469246503e-01
4.604959127421545418e+03
5.922218991825936030e-01
1.616593964141895299e+02
4.996115056140039997e+03
1.311051708205982607e+02
3.432475153165381698e+01
3.107663644394168045e+01
3.018244290757223780e+01
9.037857847102339292e+03
6.289454294634454490e-01
1.086419476171035114e+01
1.631832539326375908e+01
1.631832539326375908e+01
7.188367842994050072e+00
9.441062569680069316e+01
1.527344765852192943e+01
1.805982438093449716e+01
1.177210727108074195e+01
5.952138961701599618e-01
6.508376089108846019e-01
1.885436114943876191e+02
2.873784957922718419e+01
8.367317479625178578e+00
1.219783255026429458e+02
6.760209818335624066e-01
4.086365244170555092e-03
2.104550316869583355e+02
7.756544358548006130e+03
8.312168960378990556e-01
8.069230015066412420e+01
3.326687956564481130e+00
6.871623460933662386e+00
1.602504266306399927e+01
5.514328635093146858e+01
1.994842133899282146e+02
2.059669691147977915e+02
7.171951776344934748e-01
1.349714937391968306e+04
7.958476556762436038e-01
1.181957613700670663e+04
1.672394864894168677e+03
2.414386237664905011e+01
2.040460986633183040e+02
5.588708110612548907e+00
2.469950539297034595e+02
7.684193524228449812e-01
9.709377686856538503e+01
2.097243828059869841e+01
3.502397125859987170e+01
6.642226509472567431e-01
1.796958630160609971e+01
2.079080916447388105e+01
4.700255506090606161e+00
8.127699778411380249e-01
6.281732346952318949e+03
9.643791473675105141e-01
4.534412357963599552e-03
9.125579411834793575e+01
3.460758591234763344e+02
6.132245621147117163e+02
2.597769077824959822e+02
1.259588872711979279e+00
3.969307704979999407e+00
1.157868871794119014e+00
2.832442644201596593e+01
8.342649023779209472e+01
3.307533537924040701e+01
1.708474470158336408e+04
1.508747703822747644e+04
1.399176424800327112e+00
5.340870094524770906e+01
4.404985475707050568e+00
1.657496251788987962e+00
1.909747873701544529e+00
1.922489867412940256e+00
1.094120361446043290e+02
2.818685004211430112e+01
3.050802604358847869e+00
3.857023775064320716e+02
2.951355105322578538e+02
2.598040576215063524e+01
1.793832375191960438e+01
2.185248623715050798e+00
5.854557849755045673e+00
2.027627133761495770e+01
4.634533411735979058e+01
1.728398610585926144e+04
2.693347529943090901e+00
2.433755247239707931e+00
1.276447145891349351e+02
1.911083101471886766e+04
1.515918489971523009e+00
1.972746963748813442e+01
4.661780509063081723e+01
4.451793381020766383e+00
3.183010652919912786e+02
5.535790127159742613e-02
4.258554438204682491e+00
4.120892467985824936e+01
1.096429482547398671e+01
2.007765093908579956e+01
9.801324557369390789e+00
3.129661899275421710e+00
4.404210000113143231e+00
1.882370576670013907e+04
4.279624902563821252e+02
6.427358077150161364e+01
1.382672894351060791e+02
8.471616556502132411e+00
1.467485948891628922e-01
2.802068609435899305e+01
2.041121168372738975e+04
5.224885661769017986e+01
3.385877719838854887e+02
2.413348812901887630e+00
2.252439800551454994e+02
3.834269206385088712e+07
3.834269462951452285e+07
1.923983777589655730e+01
1.876692174288323045e+01
6.031782492800426276e-02
1.645461766366919376e-01
1.971322705540393017e+00
1.488394825914446926e+02
2.030485741570488244e+04
1.015637318277355705e+00
9.916791967223473891e-01
1.460909937797312541e-01
5.466977189694302908e+00
2.174667009525317189e+04
8.985014056257116977e+01
4.927752959684800658e+02
7.851649908404724876e+00
3.560976175005873756e+02
8.308279515224674583e+01
1.677579272857458292e+01
3.402135323810469902e+00
1.542043098500970100e+00
1.569588691651666867e-01
8.160528671363742603e+00
8.160528671363742603e+00
2.135447503231131527e+00
1.464571871164112693e+00
1.594300368650434052e+02
1.740215893945064485e+00
9.479712856102680973e+01
2.176809389834373360e+04
3.089995723979611597e+01
5.000648204835157458e+02
5.056918990914838555e-03
8.956093105656062789e+02
1.106835917859247814e-01
6.132331881734610413e+00
2.255752538136843177e-02
3.666848762433547790e+02
1.661692607122194545e+02
1.089587715116972362e+02
9.999903114670257720e-01
2.254090914894609887e+04
5.644199043664434257e+00
6.425597715983798253e+00
1.530655158980101183e+00
3.122098891424007761e+01
2.345567829385249206e+04
1.768318204652207654e-02
4.370420422978785524e+00
1.525279263061859858e+01
2.349083928348350980e+01
5.291383425663922253e+02
5.937264029281718036e-01
2.807306616882249362e+00
1.218586187366935292e+03
5.049748938748339633e+00
1.407831180042768722e+02
1.540482094408426939e+01
2.273716741832338784e+01
3.602608184025976268e+00
4.204660230370966367e+00
4.692689201432920787e-01
5.158204955561945582e+00
1.750727187913109661e+00
7.736256669003837017e-01
1.190861249542378486e+00
6.687869988604945304e-01
3.549703445962324011e+00
2.526572292029335198e+00
1.090363819970258774e+00
2.744066438813852482e+00
9.806470661144484069e+00
6.293347633945469699e-01
5.533772785387412796e+02
2.967254928873715869e+01
2.473800407545689097e+02
2.581324784626853130e+01
1.764141581182848313e+02
6.649353151588700550e-01
1.234530349476318012e+00
9.298110867574569838e+00
1.447578446910882999e+00
1.718291095538561519e+00
4.091162991626563183e+01
5.019542659705657606e+00
2.379990036241685175e+03
1.820365680850312629e+01
3.817536837155314777e-01
7.727646383054434409e+00
1.953755499513818222e+03
7.435284797295513393e+00
2.098537664453170237e+03
2.282041147577529849e-01
4.364268299362027426e-01
2.038545682070413534e+01
4.479235344960599718e+00
1.664704794799658600e+02
2.138670036173661799e+02
2.470561069630309348e+01
9.082436782586129631e-01
8.650059669150388098e-02
6.168562965515018981e-02
3.068659881630433350e-01
4.184958666279750439e+00
8.755127566504885181e+03
2.133778182612989440e+03
1.648560384656433120e-01
4.247325898705412439e-01
5.503390250748365631e-01
8.007737237987994305e+00
2.276072740952016829e+03
8.696084807726125465e-01
9.144955125009716079e-01
1.823832295647765722e+00
4.513454409237448672e+00
1.538671453328805228e+03
3.745001924060920029e-01
3.745001924060920029e-01
1.235983967992326171e+02
1.262582220600561855e-01
1.438999576814914860e+01
1.850359548021086042e-01
7.424407213684243168e-01
5.296646284316422815e+00
2.052670799470147500e+01
1.170667638205549865e+00
6.346401305754503230e-01
3.460025247157153760e+00
6.350185753905646102e-01
3.129767353974392541e-01
2.063378342443476399e+01
4.188635021277767834e+01
3.074913808758038769e+00
4.630151976144961736e+03
7.050694853844494125e-02
7.821300994205697410e-02
6.373218724999073492e-01
8.287155878501521329e+02
7.724154325974173844e+03
2.934050509526916173e+01
8.400764486659861863e-02
7.798719652928625123e-01
8.396803918077531959e-02
7.211976418515785554e+03
8.784283548839777467e-02
5.611168744574368018e-03
6.786130810258116375e-01
7.356082650256336175e-02
2.413411597404289677e-01
5.621207774525724687e+01
2.091102920247030372e+00
7.526979636777269000e+00
1.301644069173778728e+00
1.620362033075518848e+00
8.805882861264279216e-01
1.629344395289105130e-01
2.676413714144862510e+01
5.492838251048403064e-01
1.851351079565367319e-01
8.425502783732268654e+03
1.296967307022972982e+01
5.505243783371649435e-01
2.663215140070451525e+01
2.915824538478890560e+00
2.022128579428614792e+00
8.541407405086708593e+00
3.641918411391607546e-01
9.315763776931120447e+03
6.143676255770957795e+01
8.810323066076453102e+00
8.858854612869759393e+00
6.281713449245454051e-01
2.038262498093619612e+01
4.825436079415900359e+00
2.413968893618535727e+00
6.458147485951278854e-01
1.571258473858715909e+01
4.717536243179820676e-01
3.075606499743921973e-01
1.013699481477578629e-01
1.553696842167030923e+01
4.597811168157186046e+00
3.200657665819066078e-01
5.781037295459289453e+03
8.664220292453080674e+00
6.439740918842320916e+00
1.701803613746578847e+01
6.707692918685105761e-03
9.798659261624163008e+00
1.362567026494031219e-01
3.440129176024608881e+00
4.284517035671112417e+00
3.554292320630008661e-01
4.887087469641200332e-01
3.964066404173287039e-01
7.452005304662608687e+00
1.643198153462584443e+01
4.712617790748483415e+00
1.224365592337048669e+00
1.177479938160322037e+00
1.177479938160322037e+00
4.443815008065167049e+00
2.287402818012551187e+00
1.020601035478391161e+01
1.325772059834164629e-01
8.784542563435420934e-03
8.932287173392259305e+00
3.978530611086239510e-01
1.808349519496387225e+00
1.186271489487466857e+00
1.385453620002771613e+00
9.843682333656714079e+00
6.613918702622982593e-02
1.081270597033910263e+01
4.014721081542255376e+00
6.670106105499800151e+02
1.042967785815383408e+01
2.513119486459233093e+10
1.533562018256704185e-01
3.392664152240231346e+01
7.169820029382414361e-01
7.188802227178220372e-01
1.066360261552586897e+00
1.448471638361077574e+01
3.213672942152933047e+03
2.198991921489913182e+00
1.177769629929691954e-02
6.548354574343610679e+00
2.674096581091484737e+01
2.522648898134228101e+00
1.032971217999193136e+01
3.423937735901538826e+00
1.412553691810325696e-01
1.766089774367148313e-01
1.774651496610228207e+01
5.496305270820435185e-01
1.006083678375566315e+01
1.632922779981598738e-01
2.815411627465601030e-01
1.341940216882137604e-01
1.119270298660176577e+00
7.788849843523970584e+00
2.549915587606249590e-01
8.634943538582672273e-01
7.273765482371175040e-01
6.975460198451701217e+03
6.726947848171693778e-01
3.153290846073200093e-01
1.083802595698109705e+01
1.240921983683161933e+01
2.261887111469788325e-01
1.252020458772985378e+01
2.057740798977003394e+01
2.648837665209533299e+01
7.474055383435056932e+00
7.854507291076966169e+01
7.452321269498509082e+01
8.001097809747501066e-02
8.001097809747501066e-02
1.697449205113226967e+01
8.001097809747501066e-02
8.001097809747501066e-02
2.216262883316093973e-02
