2.226714944536225573e+02
2.864324108940523583e+00
2.024720829513545084e+01
3.333481785797389563e+01
2.337042660706957764e-01
2.276688583267420102e-02
7.122078074826353189e-02
2.936788365309050519e+01
1.508073832780774914e+01
4.362673811811325741e+00
3.041501400306048453e+01
1.628093753589483939e+01
8.402497168282600626e+00
2.004866070159376790e+01
5.779633777158877272e+00
6.129907109209405125e-02
2.316953159864530765e+00
2.681057819741217152e-01
8.041289877173545264e+00
1.539354562013178196e+01
1.090078635251412642e+01
2.580545133509128064e+00
4.305239341579335743e+00
3.284831625077386241e-01
7.572173825686417947e-01
1.285571187874938515e+00
6.645811934858234515e-01
1.987428632545912011e-01
3.547749820309959445e-01
6.998965434907102046e-02
1.351881110158531074e+00
5.915483359861084978e+00
1.478193766215926797e+00
8.811820778190169179e+00
7.250256934831299738e+00
4.860521880763565505e+00
6.992397439054062858e+00
5.311840674703239173e+00
7.661017378672092093e+00
7.347220189078405461e+00
3.505443224776159106e-01
1.125084944913842255e+00
2.329187595450895598e-01
1.916372307191045232e+00
9.645544721886539108e+00
1.163029798279791827e+01
9.567137516398027230e+00
1.833426374339693021e+00
2.270996863261713072e-01
1.507534063609352881e-01
3.170865650257649326e-01
1.391345834954233585e+00
3.134574603909439650e-01
2.762756634255117416e-01
2.229918904932149115e-01
8.960676579283864962e-01
1.543802417991192666e+00
3.261805250810874135e-01
3.071083905484990328e-01
7.064906550410015029e-01
8.456653592359086868e-01
4.595387299261240455e-01
2.834559115528577644e-01
1.066188978896909001e+00
2.208204273324244904e-01
3.617542975072153844e+06
1.811327819497892833e+01
1.283258973245372303e+01
5.519982902874909669e+00
3.886967071925686810e+02
4.162716849493596633e-02
5.127255368768209726e-02
3.705764115424646510e-02
2.417365670173310041e-02
1.403777233940402169e+01
4.199907647458461213e+01
7.549149067750968243e+02
1.621896205716626298e+02
5.374095175423682091e-01
6.002925137298882330e-01
6.632471696300434871e-01
7.152070443356007834e-01
7.848139230871882255e-01
8.419552473130748060e-01
9.167138680629826064e-01
9.776214997948908803e-01
1.055933789644021514e+00
1.119467185111964858e+00
5.540728630506360775e-01
4.507963567195309995e-01
6.173984284895905894e-01
1.445303669211400965e+00
6.988859021203126520e-01
2.531927257165833556e+00
7.969805190805926420e-01
3.561540949856095484e+00
9.087361952259801479e-01
5.374095175423682091e-01
6.071125505609662465e-01
7.663444020093342912e-01
8.994327272316262611e-01
1.043743579967723933e+00
1.202223400709756751e+00
1.379785253841006476e+00
1.553603725978579320e+00
1.713651884405124726e+00
1.858616691448845115e+00
5.464848466366268864e-01
6.399496272861580071e-01
8.677023731917075100e-01
1.067929135460978340e+00
1.285751593759672851e+00
1.494369377118590858e+00
1.754592312024023881e+00
2.034864335515580880e+00
2.298009586596744480e+00
2.550337375903187098e+00
1.051154299014969817e+00
1.587305037971221910e+00
2.630693200924181241e+00
1.354615120439029763e+00
5.273881274381869710e-01
4.748439058326252571e-01
2.249534464397607962e+02
4.767534647373592094e+01
2.343906807860290931e-01
7.390375367839021603e-01
1.511791164047624036e+00
9.264819572950951931e-01
7.499579271177377882e-01
4.899659674094951697e+03
1.016850345101435378e+05
2.368094608228752673e-01
7.682509152793423057e-01
1.301587255517005204e+01
1.567716913282392321e-01
9.369174064331875229e+01
6.608862322317610172e-01
1.727823394887756381e-01
4.507584044364882203e+01
1.171919174985195156e+00
1.183875523300349508e+00
1.178766629596732951e+00
2.343906807860290931e-01
5.630083659762942228e-01
7.300724950670416380e-01
8.656297343394824262e-01
9.476566893094672261e-01
1.027111618464571663e+00
4.767534647373592094e+01
1.091795519129882024e+02
1.548100007103824680e+02
1.780415760389510353e+02
1.869145047486680653e+02
1.909169495241822290e+02
7.144967269520927089e-02
1.027868261962158608e-01
9.961888943630183013e-02
1.167606555942083540e-01
1.329440106661819998e-01
1.506219389254166985e-01
8.335880804721109705e-01
7.487371642488558354e-01
5.744783580067083228e-01
5.096438134433890488e-01
5.013417257575053521e-01
5.214832386083619875e-01
8.932872694945145908e-02
1.069075543592940547e-01
1.233613026220667236e-01
1.407885499939392770e-01
1.273720802207963487e+02
9.469815492196961060e+00
4.711251682462141988e-02
2.748730135513577366e+00
1.718930642944273557e-01
6.106293179745553301e-02
3.271303944596696267e-01
1.893964343041810494e+01
9.423453952545121637e-02
7.155903786025994862e+00
5.388914662911471476e-01
8.431501792730679881e+03
2.167110148970917471e+00
1.766599959209756037e+02
9.053155868221720937e+01
2.695115144845910415e-01
3.811312858714748675e+00
1.889400702354810733e+02
2.163165730628806571e+00
4.697117738960330691e+00
1.852501168955660660e+02
2.219158938770964706e+00
2.713042567182136509e+02
3.778801381984806085e+02
4.326328513442372348e+00
1.838661821647465899e+01
1.844315834122456588e+00
2.795898162065894255e+00
3.717510377579975156e+00
4.661903870631802782e+00
5.584253653298161701e+00
7.536256258579901441e+03
2.162566388915378557e+00
3.570714448395577278e+00
3.256187407178967419e+01
1.700493845091010092e-01
3.554581065496221104e+00
3.911816904271441797e-01
1.345226809543697832e-01
4.675926957403065964e-01
2.243216557917918408e+01
6.598789426138257364e-02
1.497093209513584533e+01
6.525375815862244355e-01
5.914139827641046177e-01
6.235229553325378760e-01
6.587606401978183257e-01
6.996488554974388263e-01
7.462356191845076481e-01
4.348928392563626566e-02
3.897354392414089830e+01
1.622871414055097006e+01
1.327841537457919710e-03
2.723500402364899173e+02
4.514703317989354758e-01
4.339061051057610641e+00
1.995297794188510485e-02
2.242560934110831461e+00
9.999999999999999547e-07
3.506391123202757393e-02
1.622023873270960967e-02
8.678109679478291483e+00
3.990591816851472157e-02
2.459967565843124593e+00
4.919178391456655586e-01
4.489878353363727648e-01
8.829422189112950958e-02
4.157239024730587373e-01
1.324099764321390871e-01
3.955915227318471117e-01
3.235180860139246306e+01
8.794312831326557556e-02
4.914984270727066340e-01
3.675622708855454501e+00
4.994104872728576117e-02
7.042960024205953573e+01
5.899841999153146999e-01
9.412593998483270497e+00
3.716515105043145112e-02
2.746161799896350342e+00
5.329999886934330133e-01
7.379719700196100962e-02
6.115189719545903735e-01
1.882518431060652020e+01
7.433099044002290656e-02
7.013339428636830242e+00
6.408584611806557030e-01
5.639772387124624142e-01
6.791020664817493113e-01
7.252475524987852529e-01
9.021458136280217088e-01
9.751483033756759289e-01
7.149164946832155692e+03
1.845672385535084503e+00
1.492947075062672866e+02
1.211474808120427724e+02
6.456705587898261545e-01
1.084109922246741381e-01
8.727519742774790146e+00
1.824728924972262911e+00
3.187667250174861238e+02
1.598778887906065052e+02
1.871167036035229714e+00
4.584286934844591599e+00
1.567655092892663333e+02
1.914296572289438725e+00
2.301140306536748028e+02
3.196727023053256858e+02
3.759746989584699328e+00
1.585740215987430624e+01
4.212899566189065026e-01
1.945185933437312276e+00
2.929187375498149670e+00
3.923276836447131544e+00
4.906449416560873189e+00
5.894569660054932214e+00
7.149752727863118707e+03
1.845865881554501708e+00
1.493015647091471862e+02
1.214032828357448182e+02
6.510220629948583193e-01
1.100868727382976614e-01
8.808848849637939793e+00
1.825438532372832157e+00
3.187819483497582382e+02
1.598866420205569341e+02
1.871347967236710153e+00
4.584331687373409459e+00
1.567728774476482272e+02
1.914653704195153683e+00
2.301283515163838729e+02
3.196908119465360301e+02
3.760452830133981461e+00
1.585044124699998491e+01
4.239376354130000579e-01
1.946304981482538388e+00
2.931069107517524142e+00
3.926099337900582409e+00
4.910227846766550996e+00
5.899272458762437665e+00
1.096501730477595993e+04
2.788996108060137313e+00
2.261651397938676666e+02
7.779166393782882949e+01
1.843789294313405103e+00
4.880383033314894874e+02
2.418853280725304273e+02
2.834678117835987443e+00
4.849766001050410225e+00
2.371252842476426679e+02
2.887175690739974598e+00
3.512969143901237317e+02
4.848487273545175640e+02
5.661731611447497592e+00
2.096496642054902537e+01
6.611344733702094745e-01
1.916588420811121241e+00
3.019131444591351965e+00
3.877742877634943408e+00
5.013424948401399739e+00
5.829470165956959882e+00
7.257871596236341247e+03
1.838989980822947512e+00
1.509694695564067217e+02
1.129927637788145489e+02
1.775543839281106484e+00
3.225084965646641990e+02
1.615756667077204725e+02
1.859902840924332335e+00
4.588326274513831571e+00
1.585308070699689154e+02
1.900885926280266425e+00
2.320968077060962287e+02
3.231160088905862722e+02
3.722145874340172966e+00
1.642824537504538185e+01
4.354614139241905768e-01
1.863478156897778959e+00
2.819551480507356267e+00
3.753928332851415028e+00
4.701346908004591540e+00
3.584506295287967959e+01
1.568063072445387007e-01
2.550642458317127770e-01
4.324296451162675581e+00
1.544504682039193021e-02
7.588938231710527305e+01
5.180337120866740364e-01
2.552484437392680405e+01
2.146590630134657474e+01
2.332454332590450097e-01
3.277224987653175159e+00
1.262970763211715530e+00
1.722328218530880251e-01
1.261886212057886203e+00
2.208067871481684818e+01
1.744487113259221567e-01
9.711479690843658474e+00
1.140371215790973558e+00
4.776624262140048982e-01
5.285936673425697396e-01
6.200158157623735233e-01
7.524940071802058705e-01
9.196634676863307822e-01
1.097844138222149324e+00
3.335053306384439509e+01
1.316009340013651330e-01
2.715677148928121176e-01
4.601610863753502478e+00
1.751705512941277229e-02
8.142716756970472147e+01
5.865465365155047017e-01
2.518305063573769331e+01
2.022599971719782630e+01
2.523956200576328301e-01
3.218185075253493288e+00
2.488745506084674819e+00
2.032071101101028121e-01
2.499067815267366655e+00
2.409509258347450711e+01
2.807855602116042237e-01
9.082823316448550344e+00
2.279176163417692802e+00
4.989264727253318599e-01
6.035483887885104703e-01
8.391749057332306139e-01
1.102418017283947504e+00
1.411542718243483652e+00
1.713684480466134197e+00
3.486092513936128512e+01
1.116741914718130529e-01
2.091756795499671584e-01
4.349764615191715755e+00
7.694620882412510809e+01
5.259418814376212170e-01
2.479104926863031366e+01
2.044702231047318719e+01
4.492282182877516822e-02
3.254280162431909318e+00
2.031875266391986457e-01
1.077577536993307161e-01
3.892522325025356555e-01
2.167848403464819640e+01
1.065684476111133649e-01
9.519167292083968945e+00
5.473509005387487969e-01
4.931482782132343146e-01
5.358105376879741533e-01
5.498372200273712318e-01
5.733781727397292416e-01
5.910302670719776996e-01
6.164651968251555481e-01
5.206735421165183952e-01
5.783230815130097069e-01
7.290512472943458944e-01
8.764645206168494296e-01
1.002321875191017675e+00
1.163352815428337017e+00
1.306930121817281965e+00
1.435120440304866074e+00
5.389576734927444823e-01
6.127077013671690109e-01
7.234051196978080744e-01
8.382654160986653391e-01
9.671210769611836566e-01
1.106821178171568443e+00
1.242771631011823974e+00
1.360036734747907650e+00
5.489134807396935933e-01
6.094447930066598795e-01
7.484991505183421490e-01
8.705009700781720650e-01
1.012604659845754318e+00
1.180074035501231799e+00
1.375322600897868508e+00
1.542365589035785023e+00
8.593452699993243016e+00
1.560212200012368911e+01
2.423710505515541414e+01
4.462490707231466303e+01
3.139769937383437082e+01
3.470014668995610663e+01
3.614546341812216212e+01
3.762821256358506616e+01
4.315521762383462523e+00
9.593623278029268064e+00
1.178242066792595644e+01
1.527852747857039972e+01
1.699499711802828728e+01
1.649794302376899680e+01
1.783244414673562872e+01
1.842588092635747543e+01
4.295085685070781922e-01
7.264824764593800221e-01
9.216001318618775029e-01
1.074131783644109772e+00
1.156741230336254533e+00
1.227053823742067395e+00
1.284399353963698864e+00
1.327825164567032035e+00
1.060338661754740008e-01
1.101792059722298128e-01
1.171759061079308550e-01
1.340943591950746194e-01
1.577106613122551126e-01
2.048520398925040009e-01
2.495236609868598521e-01
2.670797112496019476e-01
1.173461232450733888e-01
1.292279180773048819e-01
1.205812846061320304e-01
1.177209575864249791e-01
1.281373109699733559e-01
1.631074944811816696e-01
1.821538481821915745e-01
1.989847944633937882e-01
1.677139565391257137e-01
1.536832260439749687e-01
1.239856182591521500e-01
1.114876856350219408e-01
1.186267385744233793e-01
1.460169783000583310e-01
1.489686719125627445e-01
1.647889709077357268e-01
2.065859859976813540e-01
1.924790526028005433e-01
2.123586570037026278e-01
2.389594650539255127e-01
2.755394570773543328e-01
3.447908422610864720e-01
4.603561721127411577e-01
4.993518673784436701e-01
3.438434675884635694e-01
2.982434767716053980e-01
3.043224853295168897e-01
2.974798172030529986e-01
3.042240337431433850e-01
3.676449438560855931e-01
3.997054671142833970e-01
4.281193706851681435e-01
3.010093993551046787e-01
2.359376555829065802e-01
2.274519890248478948e-01
2.263359528482566108e-01
2.432122778430041155e-01
2.933433985250623044e-01
3.232919757596178223e-01
3.584975319900208235e-01
4.140833555681890488e+00
2.363895384215870532e+00
1.705069423752161084e+00
1.471335917375402369e+00
9.562540935593932812e-01
7.319887830593592160e-01
5.796648498990624176e-01
4.344609790996321053e-01
3.506885711236121250e-01
2.805882107885548926e-01
7.917384577036723492e-02
2.438750508614961898e-02
1.726382036716661572e-02
1.411525784674005565e-02
1.060756089553926799e-02
7.769678739420154794e-03
6.428122220926525861e-03
5.480551947417843135e-03
4.821259298647129210e-03
4.224907939360104427e-03
1.105964196422569989e-01
1.224819045227500958e+00
7.370014725650262388e-01
6.651108920808621594e-01
6.325295502267379577e-01
6.698191838891580652e-01
7.260576805151881530e-01
6.970175704524936844e-01
7.473230131759220907e-01
2.447251137710238389e+00
1.314859992939821254e+00
8.443778617672890174e-01
7.990140275672551473e-01
7.283764372174850177e-01
7.647381989818391457e-01
7.668425463685490939e-01
8.096916855827390735e-01
1.311886925292315154e-01
2.941634811516015136e-01
3.857629362577835730e-01
4.601946072933691401e-01
5.146653270009498016e-01
5.610649968249391550e-01
6.215617832302642309e-01
6.611100327374923591e-01
1.672379367409519146e-01
2.559901707033628848e-01
3.228951869962840560e-01
3.710442993427446323e-01
3.980698387889963774e-01
4.233380055010919074e-01
4.499473244620587620e-01
4.640724643139543248e-01
1.251072398572224409e-01
2.336304131470298417e-01
3.028082351265256600e-01
3.568998512664403600e-01
3.867324764340242527e-01
4.163914632665788318e-01
4.425373482166843342e-01
4.618944368732762484e-01
1.408799241119260415e-01
2.717479512837104316e-01
3.378766506864336883e-01
3.854457495086678342e-01
4.082628325473331432e-01
4.246437638485215382e-01
4.355506136579802012e-01
4.390029415930364887e-01
2.228001197085141527e+01
3.936471190722487279e+01
8.080625048344491290e+01
8.052825388820994590e+01
3.189926517192506594e+01
1.926283861220592186e+01
1.690429651656405667e+02
2.404908733262021769e+01
1.462786175570987552e+02
9.636571707832727895e+01
8.179233519929159968e+01
9.823606130523776514e-01
4.536093156545364025e+01
5.063765833504817948e+01
3.208810183080112921e+01
2.979206379300564578e+01
1.678979068052806838e+02
8.229226918587181672e+01
1.215558774999994540e+02
3.195762610373922996e+01
2.217947155298442752e+01
1.678979068052806838e+02
1.353029944221165408e+02
6.691431431048414424e+01
2.015881533698627592e+01
1.681814798655349819e+02
6.306507276548067153e+01
4.646482769904979904e+01
2.699184255374284902e+01
1.218666929095026603e+02
1.920903177327944533e+01
1.680296603330932896e+02
1.351925774405570166e+02
6.695868710912849053e+01
2.050012388558452159e+01
2.644800666581087967e+01
5.877406178454317143e+01
2.416632569764944947e+02
5.045844570504203830e+01
4.751160306765010333e+00
1.679144623545445825e+02
2.634510345743095883e+01
4.798275958007818787e+01
2.422269836978560065e+01
1.213031341628378641e+02
5.825820645654076202e+01
2.235651073863654048e+01
2.405380098145164780e+01
9.327812891914268789e+01
1.210875580550215886e+02
6.030428374811512526e+01
6.668490133329814284e+01
3.918789796331711983e+01
6.494148927515946923e+01
1.208119338213118681e+02
7.688861887838760012e+00
9.058240717760557281e-02
1.740849437109311282e+01
1.069140656542211798e-01
9.845552578680456079e+00
5.470894059634674733e-02
8.741052412065053900e+00
2.128508459419617138e-01
1.720535686865025937e+01
2.303114925268556212e-01
2.576172907127824629e+01
3.089668069044924636e-01
4.404718880076194942e+00
5.979398167708423195e-02
2.195713909410400433e+01
2.771472083428311306e-01
3.461432729469207992e+00
6.236265192490812043e-02
1.111113021264262951e-01
9.858554710886734129e-02
5.039448953661279651e-02
3.976781562216638033e-01
9.025321551622024485e-02
4.839576111579558249e-01
2.472929779944822926e+01
8.896872007242841163e-02
2.723282272563744666e+00
2.538845752373834475e-01
3.890940547109818404e+00
7.655711804183076197e+01
6.145215933852592460e-01
5.458503096140729927e-01
1.101821149542910605e-01
8.490604146021746290e-01
2.990715047164690432e+01
1.842330261375838274e-01
1.006637433360886513e+00
7.518115333622717167e-02
1.739411160171174586e+00
9.310055781857821344e+00
2.515705869605510125e-01
4.120797352603233765e-01
8.355016455333422187e-02
5.187028439241891942e-01
2.383295851891391592e+01
1.055018128154176366e-01
9.045530571659817776e-01
1.870607842092880946e-01
9.055834520984697988e-01
2.614652649701186604e+01
1.078230366400859536e-01
3.687355056216273241e-01
1.497199433281936054e-01
4.845059556026199976e-01
2.499937482854493709e+01
9.015726118643317688e-02
5.634642015453054098e-01
1.350770014397880137e-01
6.592824687260629979e-01
2.615472498559503123e+01
1.022152351725746089e-01
4.037403659830974267e-01
1.297336207661520247e-01
4.896830090759106136e-01
2.472316215634188552e+01
8.859642972813017159e-02
9.844429681884655281e+00
8.003729412452194936e+00
5.711765770382720042e+00
2.691202095681411333e+00
9.151080949205480763e+00
6.912746281078414157e+00
1.217735797267216569e+01
1.634247154008906477e+01
1.003777323147234313e+01
8.317598794125649064e+00
9.844429681884655281e+00
8.003729412452194936e+00
9.844429681884655281e+00
8.003729412452194936e+00
9.844429681884655281e+00
8.003729412452194936e+00
9.844429681884655281e+00
8.003729412452194936e+00
6.289151974540720946e-01
7.714620796486627574e-01
7.586084187377230004e-01
1.005291404435199487e+00
9.439630531043550210e-01
1.257330579337960552e+00
1.171351828815299312e+00
1.528900243235347567e+00
1.420683927826499326e+00
1.814455847217677942e+00
1.680668134620632248e+00
2.109382078731758980e+00
1.946348566373559574e+00
2.410463747978485838e+00
8.235410019398515802e-01
1.182381306798355514e+00
1.237884116555021619e+00
1.755197880629063345e+00
1.753698853226632215e+00
2.368369748289728349e+00
2.312598448198823320e+00
3.001159000967843049e+00
2.886158721025408269e+00
3.644775601101148510e+00
3.464870322301091043e+00
4.294386900456841794e+00
4.045712484654713670e+00
4.947456725693776036e+00
6.589904857080304268e-01
8.116614149870575723e-01
8.351073261701603689e-01
1.099738495208617550e+00
1.063206724838050121e+00
1.416862613754523270e+00
1.329553029547110965e+00
1.752584106013196585e+00
1.619001432328240675e+00
2.099636737417555299e+00
1.921365634200053130e+00
2.453882116304601624e+00
2.230969266223580938e+00
2.812908554621139867e+00
1.058669032228830797e+00
1.338117183748570360e+00
1.779798552786166610e+00
2.302611230860485136e+00
2.622950283139408256e+00
3.240836772468484561e+00
3.497205956764790624e+00
4.170243412720235021e+00
4.379782076904474408e+00
5.096563800639095199e+00
5.264185945198983418e+00
6.022816108927869116e+00
6.148326843476658254e+00
6.950400010305148868e+00
6.453956468533065260e-01
7.808092675699448426e-01
7.961225224473144069e-01
1.030589335256737682e+00
1.005058853976357192e+00
1.296891053348001588e+00
1.256240657280994988e+00
1.582204182657303893e+00
1.529289005915709820e+00
1.881369538659886986e+00
1.812975753585388317e+00
2.189860989933421376e+00
2.102269354073917906e+00
2.504518174019354060e+00
7.059878766385910831e-01
7.907464062314516484e-01
8.885774148108318560e-01
9.987690519525028732e-01
1.119023451065785490e+00
1.247091550847647001e+00
1.381322337946517154e+00
1.520302085783917789e+00
1.663076735111156834e+00
1.808810792406524204e+00
1.956887628190339123e+00
2.106838902060657048e+00
2.258300263716091827e+00
2.410986060052279001e+00
6.009066682100089318e-01
6.386263971254346750e-01
6.852076352462899145e-01
7.379113258836659250e-01
7.969868039015274297e-01
8.616199725840076873e-01
9.310248301195562792e-01
3.976781562216638033e-01
6.182153497749590665e-01
6.999136221523969414e-01
7.874452552507931191e-01
8.646424806126504770e-01
9.411737550528769258e-01
9.769883200946347657e-01
1.020508108646025702e+00
1.038661126748605001e+00
1.044839509137936773e+00
1.044214902565988812e+00
1.034433252689539673e+00
1.011204028827115797e+00
9.975761996866863157e-01
9.718300171843990976e-01
2.723282272563744666e+00
2.805124109338664518e+00
2.730138124727306437e+00
2.807120381750901839e+00
2.825992217750362911e+00
2.909152660902584397e+00
2.890707099713541783e+00
2.932076117561588369e+00
2.916492016456514680e+00
2.895456224004919754e+00
2.857711757246947037e+00
2.826252407905125441e+00
2.727806000746545667e+00
2.722696343804049235e+00
2.672495485283555627e+00
5.458503096140729927e-01
7.851718503533994253e-01
8.757635682351850859e-01
9.671593626591892257e-01
1.049085467018193940e+00
3.976781562216638033e-01
6.182153497749590665e-01
6.999136221523969414e-01
7.874452552507931191e-01
8.646424806126504770e-01
9.411737550528769258e-01
9.769883200946347657e-01
1.020508108646025702e+00
1.038661126748605001e+00
1.044839509137936773e+00
1.044214902565988812e+00
1.034433252689539673e+00
1.011204028827115797e+00
9.975761996866863157e-01
9.718300171843990976e-01
2.723282272563744666e+00
2.805124109338664518e+00
2.730138124727306437e+00
2.807120381750901839e+00
2.825992217750362911e+00
2.909152660902584397e+00
2.890707099713541783e+00
2.932076117561588369e+00
2.916492016456514680e+00
2.895456224004919754e+00
2.857711757246947037e+00
2.826252407905125441e+00
2.727806000746545667e+00
2.722696343804049235e+00
2.672495485283555627e+00
5.458503096140729927e-01
7.851718503533994253e-01
8.757635682351850859e-01
9.671593626591892257e-01
1.049085467018193940e+00
1.141327847818549346e+00
1.195174301043390841e+00
1.252239640729088110e+00
1.283388888155586827e+00
1.287285524828400085e+00
1.290862854816866356e+00
1.280714267646503979e+00
1.249861209880032131e+00
1.233047168363898383e+00
1.190025111349436449e+00
1.006637433360886513e+00
8.697906532725326878e-01
7.308539150548511998e-01
6.151665910716803687e-01
5.094578043169935011e-01
4.404650649052840872e-01
3.752685844694771955e-01
3.343190926326479184e-01
3.096635900411713327e-01
3.024673686351184165e-01
2.759957711205723863e-01
2.842771266315339829e-01
2.633178853537639919e-01
2.975130375310960917e-01
2.910239905142886219e-01
4.120797352603233765e-01
5.966658032094326325e-01
6.673557644862216920e-01
7.523940888680666905e-01
8.268535111283794592e-01
8.995207891828288504e-01
9.343327483785598409e-01
9.763340325126030894e-01
9.937742033901757477e-01
9.980653106172361344e-01
9.972513924956897258e-01
9.888100665574220960e-01
9.658854710815801825e-01
9.532344530740022304e-01
9.272419713133545072e-01
9.045530571659817776e-01
1.065725051428690451e+00
1.117436976960971551e+00
1.222508155606484737e+00
1.281112699024438806e+00
1.337710210520802079e+00
1.364675045760388228e+00
1.375505505948047880e+00
1.371322876186043871e+00
1.365741243906392510e+00
1.358475028863186163e+00
1.346273874201116882e+00
1.329406114226376445e+00
1.311080456235284908e+00
1.293125994157640513e+00
3.687355056216273241e-01
6.070461496398981138e-01
7.218700163613075427e-01
8.295172639862625763e-01
9.217723068855295798e-01
1.000395711622581896e+00
1.051566351823515433e+00
1.098527122936631573e+00
1.126229567294408707e+00
1.141897644954267266e+00
1.144000085670486389e+00
1.135158636034177659e+00
1.108321347531571854e+00
1.082121378459427907e+00
1.040948116003029611e+00
5.634642015453054098e-01
6.669222877569229713e-01
7.518945146185150863e-01
8.451584271845866692e-01
9.237951245158800839e-01
9.910294061691388157e-01
1.025938833240680470e+00
1.065594408660384129e+00
1.080392954106227155e+00
1.084568510190336399e+00
1.079866773704910354e+00
1.073590554513032647e+00
1.048084852667356071e+00
1.041952232862557004e+00
1.020533412831109432e+00
4.037403659830974267e-01
6.317272108833867916e-01
7.253978879477603892e-01
8.262370713419786572e-01
9.085112266780831503e-01
9.843788307272784976e-01
1.028016884115318996e+00
1.069368978105404100e+00
1.090282910534533745e+00
1.099879618229011147e+00
1.100281985182263167e+00
1.088747949045398622e+00
1.064839759375259876e+00
1.040401292264288458e+00
1.002921589073935138e+00
1.942016177028863311e+00
4.764269179302971224e+00
1.328234181701649641e+00
6.806883879726322029e-01
3.466007306611377015e+00
1.206968402615352209e+00
6.238547442279087640e-01
6.967619153655440378e+00
3.897709047350097489e+00
2.978750615051554362e+00
2.071945180039669321e+00
2.222120948094475912e-01
1.257563712070633333e+00
6.711832501100738479e-01
1.874916805452749718e-02
8.862516266202419279e-02
2.371824716257868448e-01
9.999999999999999547e-07
9.999999999999999547e-07
9.999999999999999547e-07
9.999999999999999547e-07
9.999999999999999547e-07
9.999999999999999547e-07
9.999999999999999547e-07
2.296070343847919637e-02
5.897075550406501998e-01
1.887092025356900404e-01
4.945526483865987366e-01
2.460417078264685864e-01
2.120650170822623304e-01
1.207077387125484458e-01
8.573394836166228217e-01
3.213312009482265919e-01
4.240618008311478615e-01
1.966220488012472567e-01
2.094469687087046339e-01
1.199977605178223494e-01
9.999999999999999547e-07
9.999999999999999547e-07
9.999999999999999547e-07
9.999999999999999547e-07
9.999999999999999547e-07
9.999999999999999547e-07
3.975982234693795081e-02
2.296070343847950515e-02
9.999999999999999547e-07
9.999999999999999547e-07
8.154289628198430062e-02
4.589886237662160057e-02
3.781445917426795034e-01
3.039376183900346362e-01
2.824370932833353276e-01
8.569760764384337648e-02
2.032708566840309428e-01
1.889890776107559511e-01
1.145806832380010243e-01
1.055137718386585932e-01
4.956783596823172156e-02
9.343866237807034458e-02
5.079208511134580828e-01
3.126610290321257257e-01
3.786972273202517392e-01
3.502246792976398404e-01
5.164966202835163944e-01
3.476068074563266608e-01
1.163789364585557096e-01
7.371476817107566748e-02
1.263192901259280465e-01
1.520315335375257981e-01
2.292269194257204323e-01
1.697458442726852978e-01
1.229322854057703224e-01
1.874916805452640431e-02
4.588404466441371038e-02
9.999999999999999547e-07
2.651724493826000326e-02
9.999999999999999547e-07
3.748909207577278552e-02
1.735828887973951962e-01
2.445971209196166063e-01
1.186424507433266884e-01
1.783240625842713367e+00
7.677030480494619891e-01
4.596466366195825493e-01
1.147533377316561243e+00
2.825583224706631480e-01
1.086235259023150324e+00
8.882020875971305962e-01
9.999999999999999547e-07
9.999999999999999547e-07
2.963663535527544246e-02
3.896343763391050818e-01
8.576899175254097674e-02
9.999999999999999547e-07
3.261681586929895404e-01
8.576899175253939467e-02
7.482119251605083565e-02
1.639474155061920735e-01
9.999999999999999547e-07
2.651724493825843160e-02
2.217525327740967611e-01
1.920497174329365286e-01
9.999999999999999547e-07
1.754492943990928755e-01
2.482114719255137103e-01
2.781687882146279822e-01
1.325912246912976447e-02
2.577017433811638059e-01
6.217666795208384029e-02
1.642307188245195060e-01
2.296070343847939760e-02
1.881225740909497346e-01
4.775337994212524445e-02
3.247187589483935960e-02
3.975982234693355155e-02
2.651025010544387842e-02
1.325912246912999345e-02
8.151787494048230720e-02
2.118871982455547420e-01
3.975982234693602874e-02
3.075750270598394120e-01
8.362306447642692264e-01
2.332683003442304892e-01
1.031704643893276013e-01
1.056496076591033340e-01
7.726408209663999938e-02
1.073606933781862671e-01
9.999999999999999547e-07
9.433003791535195248e-02
5.919399721945868553e-02
9.999999999999999547e-07
1.608266813343584289e-01
2.878255415380057691e-01
2.243367158126171601e-01
4.958155274972593507e-02
2.993907586904848706e-01
2.513413176370810076e-01
2.999267089384014540e-01
1.443954107514450746e-01
1.722575729259465116e-01
8.667719524938434505e-02
1.110652281673170788e-01
1.795023059082297978e-01
3.246235559795102726e-02
1.734905379850724405e-01
4.825861374348054400e-01
8.356471745436234999e-02
2.976087634313514529e-01
1.366694115349066929e-01
6.209309579365170778e-02
6.207218517265983282e-02
3.104903492513019003e+00
5.287039906499205522e+00
1.871838152082242246e+00
3.488856719771855630e+00
1.121192521699334588e+00
6.806883879726322029e-01
1.022353302239114914e+00
2.262856556677099729e+00
2.323314752929714344e-01
2.357730516343899296e+00
4.951092899630587518e-01
7.713516006131186653e-02
4.893089480920065903e-01
2.707982533373062828e-01
3.156175131202725859e-01
9.337777627143728498e-02
2.069528068917171892e-01
1.130428034498291545e+00
6.711832501100738479e-01
2.415312145950851419e-01
4.292796360428836056e-01
1.149358079078708489e-01
8.764266091219481691e-02
2.378783843867281200e-01
1.325912246912999345e-02
3.987276878220070042e+00
1.728342611801166884e+00
1.868805379490000584e+00
7.415133301764248452e-01
7.229291079102101447e-01
4.686624670445962426e-01
1.978806459618130953e-01
1.826648219100805437e-01
2.663569551538416680e-01
3.709411930189163709e-01
6.533266184368909935e-01
1.830340053921999666e-01
1.088298639369536802e-01
9.349421941144837878e-02
4.066242983856681592e-01
3.352393721503957313e-01
1.560192751391253907e+00
4.665841937729500177e-01
2.256078440589369405e-01
3.551086775422283015e-01
2.141542074337533241e-01
8.624506745773837579e+00
8.036809624150881959e+00
8.279162768265615480e-01
8.440746860027927845e-01
3.114194583553435702e+00
1.847448210886515563e+00
3.868410680866955165e+00
1.232564114694015389e+00
3.621353847606675891e-01
7.135573652391566379e-02
1.715430890670103015e+00
9.990828990621455352e-01
1.950201788784691637e+00
1.282159025555405174e+00
1.131025050811617749e+00
4.258111718748758268e-01
6.959186277070448234e-01
4.592040687695831541e-02
2.964497784050035972e-02
9.999999999999999547e-07
5.079208511134580828e-01
4.194732377784092803e-01
5.457855447568332741e-01
3.372215570708824162e-01
3.049115124713888680e-01
3.352691050703522357e-01
1.358152197469020717e+00
5.830278592373173696e-01
4.563717219874217634e-01
1.181022324056359540e+00
1.788245698088564428e-01
1.184266725796322278e-01
1.852882948531437701e-01
1.816684984435598671e-01
1.506335789805859360e-01
4.597060434214212399e-01
9.261841476856911282e-01
5.429306361530437108e-01
2.790403448780327533e-01
2.020033067727081133e-01
1.234651693564818853e-01
1.344273181324908695e-01
5.067045457227221661e-01
2.726401387023005829e-01
6.353560556045280416e-02
1.874916805452876353e-02
4.779220039154498390e-02
1.558179190137136683e-01
8.273782397516131482e-02
9.999999999999999547e-07
9.999999999999999547e-07
3.977536740739402027e-02
3.518855680095865357e-01
1.325912246912999345e-02
9.999999999999999547e-07
1.989826111306006451e-01
3.974738192114134205e-02
1.874916805452636961e-02
1.136659264348183207e-01
5.007999081543195175e-01
1.325657879834251651e-01
8.667719524938295728e-02
5.377369673711199782e-01
8.484924634934806753e-02
6.615158625228402534e-02
9.999999999999999547e-07
3.974738192114143226e-02
2.686576640832710750e-01
1.325912246912976447e-02
6.357062291375088769e-02
1.647471856991961914e-01
4.000302738498517918e+00
8.035934604616664645e-01
4.142415550403842239e+00
4.825102580786093109e-01
2.181932081469005524e+00
7.646580544928235135e+00
4.602215438961597016e+00
8.005650487089674416e-02
8.137574805640886977e-01
1.898538461632023555e+00
2.555690249406615600e+00
9.051359496161954787e-01
2.905841867968681491e+00
3.724239019778638582e+00
3.146012395297962616e+00
8.097015305309578359e-01
1.757565097766140783e+00
1.705847670788342318e+00
5.023424241270615376e+00
1.950053951820890141e+00
1.549556553908634227e-01
1.228540929151885203e-01
1.124603929051354589e-01
7.611790742861739012e-02
1.198990498414239381e-01
2.084605691058252219e-01
3.878060790864388402e-02
7.608021346022690867e-01
1.032494248071549325e+00
1.963099750959545986e+01
2.491749765323010024e+01
9.561327687615627013e+00
1.176412333653015452e+00
9.999999999999999547e-07
9.999999999999999547e-07
8.804305781080830340e-03
1.654102913467496050e+00
9.999999999999999547e-07
9.999999999999999547e-07
3.595026664734844446e-01
6.643174057341997285e-01
5.764069389956493206e-01
3.679169202858169063e-01
1.082386957687544032e-01
2.723510393277517760e+00
1.899195931516531322e-01
1.699085019639893090e+01
3.606534878611886707e+00
5.965935184866023588e-01
6.901299719307040226e-01
9.999999999999999547e-07
9.999999999999999547e-07
9.999999999999999547e-07
9.999999999999999547e-07
9.999999999999999547e-07
8.687749954939279207e-02
9.634053244663448590e-02
9.999999999999999547e-07
9.999999999999999547e-07
9.999999999999999547e-07
9.999999999999999547e-07
9.999999999999999547e-07
9.999999999999999547e-07
6.524978542575742002e-02
9.999999999999999547e-07
6.607948238614741454e-02
9.999999999999999547e-07
9.999999999999999547e-07
9.999999999999999547e-07
1.444730719234557084e-03
9.999999999999999547e-07
5.027580040294093999e-02
9.999999999999999547e-07
9.999999999999999547e-07
9.999999999999999547e-07
9.999999999999999547e-07
9.999999999999999547e-07
8.848415715751138666e-02
9.999999999999999547e-07
9.999999999999999547e-07
9.999999999999999547e-07
9.999999999999999547e-07
9.999999999999999547e-07
9.999999999999999547e-07
9.999999999999999547e-07
9.637740102589893720e-02
2.097518181070678889e+00
2.077392945972453275e-01
4.370308265469223130e+00
8.764266091219481691e-02
1.195667290458893639e+00
4.178201135339560501e+00
3.139527103740382241e+00
2.963663535527551185e-02
3.145042754519490336e-01
2.069006428700014055e+00
3.106609193352566134e+00
1.065890456871120717e+00
1.017801745842869643e+00
6.707276266878764437e-01
1.175772799175822447e+00
1.112431948820082339e-01
9.069188328224736528e-01
4.221720284449931859e-01
1.181158667965214626e+00
2.232501095148667070e-01
4.393454035135095637e-02
5.926079706830161831e-02
1.874916805452789964e-02
5.618502204605749228e-02
1.387771252432917213e-01
2.123796075650508375e-01
4.393454035134899960e-02
4.220397837770273330e-01
3.254344808422407476e-01
1.970363291015543528e+00
1.976473181200775198e+00
1.712591986586721182e+00
2.173295219846198278e-01
9.999999999999999547e-07
9.999999999999999547e-07
6.357062291375088769e-02
3.168081185164746683e-01
9.999999999999999547e-07
9.999999999999999547e-07
9.258778775563694663e-02
1.325657879834251651e-01
4.006085113653089502e-01
2.587130746034450035e-01
7.935755870208091589e-02
5.385211896319260783e-01
1.874916805452641472e-02
1.285571187874938515e+00
6.056031968683113220e-01
1.801770638453508988e-01
3.543113629988541846e-01
9.999999999999999547e-07
9.999999999999999547e-07
9.999999999999999547e-07
9.999999999999999547e-07
9.999999999999999547e-07
6.615158625228402534e-02
1.874916805452638349e-02
9.999999999999999547e-07
9.999999999999999547e-07
9.999999999999999547e-07
9.999999999999999547e-07
9.999999999999999547e-07
9.999999999999999547e-07
6.217666795207769936e-02
9.999999999999999547e-07
1.325912246912909313e-02
9.999999999999999547e-07
9.999999999999999547e-07
9.999999999999999547e-07
2.964497784050035972e-02
9.999999999999999547e-07
1.325912246912999692e-02
9.999999999999999547e-07
9.999999999999999547e-07
9.999999999999999547e-07
9.999999999999999547e-07
9.999999999999999547e-07
1.874916805452655003e-02
9.999999999999999547e-07
9.999999999999999547e-07
9.999999999999999547e-07
9.999999999999999547e-07
9.999999999999999547e-07
9.999999999999999547e-07
9.999999999999999547e-07
5.463622937152174536e-02
2.600163108494241371e+00
1.118346943339067479e-01
4.508837056389815023e-01
1.307411291422950317e+00
9.666087268700751522e-01
8.223246713686362952e-01
1.213085640424698575e+00
9.795686782801356074e-01
1.109506863878747085e+00
1.254590553514106421e+00
1.981297657575786575e+00
2.697131221018775338e-01
2.219172933807476600e+00
2.769127037425612059e+00
2.269227392803641941e+00
2.681154857632321864e+00
2.613698001806932680e+00
2.334738049462114606e+00
3.018357096672963813e+00
2.948006571980179569e+00
6.765045482867767523e-01
6.068914139771388466e-02
2.411310397257136195e-01
3.086800610551542201e-01
3.199991442358988136e-01
3.194023843708273525e-01
3.991116936599872211e-01
3.233269546208629719e-01
4.154912773502203449e-01
3.790713052599980482e-01
1.979293742128972466e-01
8.248171052982053997e-01
3.635557498739528937e-01
4.222411365282041640e-01
5.015991459991683277e-01
4.693268813797026873e-01
4.316405531850878718e-01
5.229140633394281368e-01
5.647474031181193288e-01
4.599109329426039339e-01
9.999999999999999547e-07
1.874916805452729249e-02
2.515671996245578690e+00
3.137310068477793923e+00
3.068933039942250751e+00
3.124227281558995095e+00
3.223021955537033634e+00
3.272558441801280082e+00
3.487204571315689172e+00
3.358664698908498281e+00
4.555632867380920992e+00
7.428652014040550977e-01
3.312928201918790005e+00
2.908734756342408634e+00
2.908658289401390373e+00
4.348219754391127623e+00
3.574485236293631019e+00
4.062157070451003271e+00
4.523904860775007641e+00
4.003468624435615908e+00
2.087491849366479579e-01
1.287610549716728114e-01
6.330491177525393587e-01
5.851460904465839441e-01
6.204906987920105754e-01
6.642179549324157550e-01
6.788105576576120015e-01
5.298393365279721046e-01
6.714827689538943600e-01
5.860262666308705404e-01
7.387132592422976929e-01
1.846686289244419132e+00
1.315432954279148081e+00
7.778013496367313095e-01
1.170246267875830748e+00
1.244503630048021892e+00
1.309097804772913154e+00
1.652989170078576597e+00
1.556872974343403326e+00
1.414045640076850407e+00
9.999999999999999547e-07
3.976915011238190550e-02
4.521163006845102750e+00
5.536703988407473354e+00
6.289773791476149789e+00
6.234045596194643046e+00
6.278213978882965840e+00
6.668712610703130039e+00
6.714600620651673957e+00
6.503089719701019789e+00
8.780318512030396150e-01
9.999999999999999547e-07
1.300888801725094135e-01
6.486274373444585184e-02
1.087594061468180606e-01
5.618502204605710371e-02
1.405405818886538150e-01
8.480552121852683034e-02
1.804379698373075047e-01
8.572285124290658642e-02
2.964497784049862847e-02
8.774980751745717344e-02
1.450114384961640468e-01
7.369463868201373002e-02
1.378681088584159387e-01
1.120467538726520051e-01
1.023301329074136068e-01
9.631064721852808375e-02
1.066806825332074771e-01
6.348304331314169602e-02
2.296070343847927617e-02
4.960149766037336844e-02
8.002401945353014856e-01
7.201581551302187467e-01
8.145285302668531235e-01
7.697814233984533461e-01
8.245723111259941618e-01
7.869823383050135179e-01
7.773500264982050600e-01
8.295990954440799481e-01
1.056463144796357501e+00
1.276849803128711769e-01
1.695330306602508275e-01
2.357692773881388815e-01
2.353063754193815416e-01
1.785243458134336547e-01
2.843157725598631780e-01
3.613241063832734468e-01
2.269574606413320705e-01
2.019420163090786813e-01
2.064609283118331307e-01
4.317916547415533435e-01
8.189328701741773742e-01
9.041913664681636709e-01
9.165745311940178830e-01
9.037576232300664758e-01
9.088462489077143713e-01
8.847196711396189128e-01
9.780563546856964052e-01
9.959253405970541762e-01
7.556209395585934629e+00
7.079927098815534059e+00
9.473472203111509060e+00
1.012505860297980576e+01
9.405042402112972155e+00
8.726699122301651457e+00
8.695968077205463942e+00
8.082152751806871649e+00
7.411167095215334122e+00
6.895851876196038788e+00
1.424735051972499207e+02
3.549295904066187290e+02
5.282993121614783405e+01
9.761136623961023773e+00
4.512734050407959785e+01
1.903235657336756859e+01
4.428196105780487279e+00
8.108485979544244771e+00
6.983159235971659200e+02
2.096457650723836821e+02
2.350069133975722124e+01
5.649861989652095673e+01
3.056635798451670638e+01
6.258128137769055854e+00
2.586327552513413508e+01
1.995445603565167758e+01
1.237785574520307241e+00
8.203562832562560914e+00
4.742033494213947264e+00
1.173070716999925711e+00
1.319028909351744605e-01
2.022568548413298917e+00
3.751495381329662759e+00
1.213861763139998606e+00
3.926605568333101925e-01
3.181959392591455216e-01
3.020025759502540907e+01
5.918410835906513512e+00
3.145238553978703333e+00
8.043976366442485704e-01
4.557224234860195011e+00
4.879800109684737097e-01
2.962131076690219800e+00
4.918766941697441109e-01
2.386472044443387064e-01
6.311380511371791791e+00
1.148179588619481495e-01
3.955016972304281064e-01
3.120826240532588169e-01
4.228204967116613311e-01
1.247905199565178258e-01
3.965855707153264631e-01
3.621334643472624015e-01
1.419394055701839741e-01
1.078918479251191054e-01
6.615158625228402534e-02
3.747754738248680606e-02
3.246235559795120768e-02
3.366059292079164877e-01
2.562823589590069173e-01
2.626533439562346861e-01
7.708385165724115917e-02
9.999999999999999547e-07
2.963663535527575818e-02
9.999999999999999547e-07
9.999999999999999547e-07
1.325912246912956151e-02
9.999999999999999547e-07
2.651025010544403454e-02
2.963663535527547022e-02
3.379527391056334484e-01
1.949169018157538014e-01
9.999999999999999547e-07
9.999999999999999547e-07
9.999999999999999547e-07
9.999999999999999547e-07
6.615158625228402534e-02
2.651025010544407617e-02
6.207218517265917362e-02
6.998965434906878613e-02
4.775337994212672937e-02
2.296070343847982434e-02
9.999999999999999547e-07
9.999999999999999547e-07
9.999999999999999547e-07
9.999999999999999547e-07
9.999999999999999547e-07
3.246235559795155462e-02
9.999999999999999547e-07
1.874916805452648758e-02
9.999999999999999547e-07
9.999999999999999547e-07
9.999999999999999547e-07
9.999999999999999547e-07
9.999999999999999547e-07
1.325912246912955110e-02
9.999999999999999547e-07
9.999999999999999547e-07
9.999999999999999547e-07
9.999999999999999547e-07
1.874916805452638349e-02
9.999999999999999547e-07
9.999999999999999547e-07
9.999999999999999547e-07
9.999999999999999547e-07
9.999999999999999547e-07
9.999999999999999547e-07
9.999999999999999547e-07
4.393454035134718855e-02
9.999999999999999547e-07
9.999999999999999547e-07
9.999999999999999547e-07
9.999999999999999547e-07
9.999999999999999547e-07
9.999999999999999547e-07
9.999999999999999547e-07
9.999999999999999547e-07
9.999999999999999547e-07
9.999999999999999547e-07
9.999999999999999547e-07
9.999999999999999547e-07
9.999999999999999547e-07
9.999999999999999547e-07
1.325912246913000733e-02
1.395420767657235828e-01
3.965855707153231879e-01
2.933712891915079557e-01
4.217056924242888472e-01
1.859544409233657991e-01
3.899610693602096334e-01
3.604515394802800254e-01
1.389357251182660735e-01
1.070931902091606519e-01
6.745566950199623213e-02
3.747754738248680606e-02
4.775337994212657672e-02
4.789256064837813520e-01
4.998897162740952860e-01
2.715553107123109267e-01
4.588404466441014379e-02
4.588404466441257934e-02
8.146325624615506633e-02
3.747754738248667422e-02
9.999999999999999547e-07
4.189367633510989591e-02
1.325912246912942273e-02
1.325912246912997958e-02
4.995331633147496175e-01
1.070931902091604576e-01
8.761232592309811662e-02
1.046588841402147085e-01
2.296070343847916514e-02
9.999999999999999547e-07
9.999999999999999547e-07
9.999999999999999547e-07
9.999999999999999547e-07
9.999999999999999547e-07
9.785794032787901997e-02
1.874916805452784760e-02
3.974738192114159879e-02
5.128624488410250815e-02
2.296070343847914433e-02
9.999999999999999547e-07
9.999999999999999547e-07
9.999999999999999547e-07
1.325912246913000733e-02
8.146325624615027849e-02
1.325912246912981478e-02
2.651025010544391311e-02
9.999999999999999547e-07
9.999999999999999547e-07
9.999999999999999547e-07
9.999999999999999547e-07
9.999999999999999547e-07
2.723689963369806954e-01
1.325912246912900640e-02
2.296070343847913739e-02
9.999999999999999547e-07
9.999999999999999547e-07
9.999999999999999547e-07
9.999999999999999547e-07
9.334533159253864676e-02
1.874916805452876700e-02
9.999999999999999547e-07
9.999999999999999547e-07
9.999999999999999547e-07
9.999999999999999547e-07
1.325912246912911048e-02
9.999999999999999547e-07
9.999999999999999547e-07
9.999999999999999547e-07
9.999999999999999547e-07
1.325912246912917293e-02
9.999999999999999547e-07
9.999999999999999547e-07
9.999999999999999547e-07
9.999999999999999547e-07
9.999999999999999547e-07
9.999999999999999547e-07
1.325912246913000386e-02
9.999999999999999547e-07
3.246235559795136727e-02
1.678311203475436886e-01
4.104667359953863004e-01
3.055915028739398798e-01
4.232635515996770459e-01
1.796892092190239265e-01
3.876869336744674932e-01
3.505422503892579589e-01
1.327071237228690803e-01
1.054768551856607728e-01
6.745566950199623213e-02
3.747754738248680606e-02
4.588404466441178831e-02
4.691846072612230745e-01
4.948799069324193445e-01
2.969768485527808921e-01
6.207218517265757768e-02
2.221074698798333469e-01
1.805996038736918385e-01
6.745566950199702316e-02
7.594853572569218447e-02
9.999999999999999547e-07
1.325912246912948345e-02
9.999999999999999547e-07
4.459643455119712274e-01
2.280361603820816874e-01
1.046588841402203152e-01
1.783136022426940193e-01
1.395420767657235828e-01
6.873456528156253464e-02
4.955162033099352187e-02
2.296070343847937331e-02
1.874916805452638349e-02
3.506018587460871944e-02
7.930457016545085225e-02
2.296070343847936290e-02
6.998965434906827265e-02
8.252086392657086156e-02
2.296070343847955025e-02
1.874916805452829516e-02
9.999999999999999547e-07
9.999999999999999547e-07
1.325912246913000733e-02
2.296070343847954331e-02
1.325912246912999692e-02
1.325912246912997264e-02
9.999999999999999547e-07
9.999999999999999547e-07
9.999999999999999547e-07
9.999999999999999547e-07
9.999999999999999547e-07
1.030025564522524251e-01
8.039135157005526666e-02
2.963663535527544593e-02
9.999999999999999547e-07
1.325912246912939671e-02
9.999999999999999547e-07
9.999999999999999547e-07
1.070931902091600274e-01
1.325912246912911222e-02
9.999999999999999547e-07
9.999999999999999547e-07
9.999999999999999547e-07
9.999999999999999547e-07
2.651025010544390270e-02
9.999999999999999547e-07
9.999999999999999547e-07
9.999999999999999547e-07
9.999999999999999547e-07
9.999999999999999547e-07
9.999999999999999547e-07
9.999999999999999547e-07
9.999999999999999547e-07
9.999999999999999547e-07
9.999999999999999547e-07
9.999999999999999547e-07
9.999999999999999547e-07
9.999999999999999547e-07
9.999999999999999547e-07
2.107585548971333544e-01
4.160926275629588389e-01
3.044497276299767408e-01
4.210318692539987140e-01
1.750556415941604549e-01
3.939983049248430014e-01
3.547828229464795591e-01
1.339778574302080971e-01
1.062882406461821000e-01
6.745566950199623213e-02
3.246235559795078440e-02
4.393454035135019309e-02
4.554121024513633209e-01
4.933015972208536493e-01
2.637890812240706317e-01
8.459532599006897025e-02
2.181636127037546447e-01
2.096201485770750605e-01
6.065042195097208183e-02
5.458868749324162495e-02
2.296070343847977230e-02
2.651025010544398250e-02
2.296070343847922759e-02
4.714676416834248096e-01
2.758555825621499813e-01
1.220294767568704947e-01
1.653434698698783845e-01
1.607566136809664703e-01
4.588404466441305118e-02
7.243333924093345311e-02
4.393454035134763958e-02
1.874916805452638002e-02
1.874916805452739310e-02
1.155605678876911596e-01
1.874916805452645288e-02
8.356471745436250265e-02
7.820229179883195214e-02
2.963663535527558471e-02
9.999999999999999547e-07
1.325912246912986682e-02
9.999999999999999547e-07
1.874916805452638002e-02
2.963663535527568879e-02
2.651025010544395821e-02
4.393454035135075514e-02
1.325912246912999692e-02
9.999999999999999547e-07
9.999999999999999547e-07
9.999999999999999547e-07
9.999999999999999547e-07
1.454549609627112661e-01
7.479557552915795660e-02
4.393454035134843061e-02
3.747754738248674361e-02
9.999999999999999547e-07
9.999999999999999547e-07
9.999999999999999547e-07
1.346083814001943213e-01
1.325912246912911222e-02
1.874916805452705310e-02
1.325912246912995876e-02
9.999999999999999547e-07
9.999999999999999547e-07
3.747754738248664647e-02
9.999999999999999547e-07
9.999999999999999547e-07
9.999999999999999547e-07
9.999999999999999547e-07
8.356471745435400944e-02
9.999999999999999547e-07
9.999999999999999547e-07
9.999999999999999547e-07
9.999999999999999547e-07
9.999999999999999547e-07
9.999999999999999547e-07
1.874916805452712248e-02
9.999999999999999547e-07
9.999999999999999547e-07
2.632220599963531749e-01
4.279244447350992742e-01
3.385269335319438522e-01
4.088674912290076180e-01
1.731625045575978517e-01
3.845044379131438705e-01
3.311181838569391411e-01
1.170308579607874239e-01
9.697285725343998686e-02
5.770028629755712818e-02
3.506018587460894148e-02
3.974738192114103674e-02
4.326069269363634895e-01
4.947266134437119378e-01
2.539114011836162699e-01
1.078918479251196882e-01
2.745220802378734448e-01
2.283788958916357636e-01
8.761232592310341794e-02
8.761232592309776968e-02
3.974738192114191798e-02
2.296070343847945658e-02
2.651025010544401372e-02
4.732371900656934804e-01
2.816154008066318881e-01
1.148179588619469976e-01
2.228152317265823246e-01
2.092390079797657454e-01
7.479557552915792884e-02
8.252086392656443614e-02
4.189367633511015265e-02
2.296070343847947740e-02
2.651025010544391311e-02
8.761232592310386202e-02
3.506018587460978803e-02
8.146325624615276262e-02
9.960358360303124547e-02
1.874916805452669227e-02
9.999999999999999547e-07
9.999999999999999547e-07
9.999999999999999547e-07
9.999999999999999547e-07
2.963663535527574777e-02
2.296070343847915127e-02
1.874916805452651533e-02
9.999999999999999547e-07
9.999999999999999547e-07
9.999999999999999547e-07
9.999999999999999547e-07
9.999999999999999547e-07
9.785794032787512031e-02
5.296350459567434471e-02
2.651025010544388189e-02
9.999999999999999547e-07
1.325912246912998131e-02
9.999999999999999547e-07
9.999999999999999547e-07
6.065042195097219979e-02
9.999999999999999547e-07
9.999999999999999547e-07
1.325912246912992754e-02
9.999999999999999547e-07
9.999999999999999547e-07
1.325912246912912089e-02
9.999999999999999547e-07
9.999999999999999547e-07
9.999999999999999547e-07
9.999999999999999547e-07
9.999999999999999547e-07
9.999999999999999547e-07
9.999999999999999547e-07
9.999999999999999547e-07
9.999999999999999547e-07
9.999999999999999547e-07
9.999999999999999547e-07
9.999999999999999547e-07
9.999999999999999547e-07
1.874916805452639737e-02
2.995785947877642741e-01
4.481654981467160792e-01
3.803586051482789610e-01
3.996577645540161927e-01
1.653434698698806049e-01
3.776355116682882374e-01
3.424966023803406867e-01
1.288139748731994272e-01
1.038341718712854495e-01
6.065042195097208183e-02
3.246235559795078440e-02
3.747754738248670892e-02
4.252371946982084761e-01
4.898917698812598198e-01
2.393416348494734613e-01
8.859446632385582776e-02
2.594946113302717405e-01
2.141296699489417810e-01
6.207218517265929159e-02
6.482079534066899351e-02
2.651025010544397903e-02
1.325912246912924926e-02
1.325912246912997437e-02
4.692493275729978097e-01
2.393416348494715740e-01
1.062882406461812673e-01
2.206834559377244542e-01
1.977988586100629942e-01
5.770028629755420690e-02
7.479557552915734597e-02
3.246235559795111747e-02
1.325912246912945049e-02
2.963663535527554307e-02
7.243333924093516007e-02
3.246235559795040276e-02
1.062882406461807677e-01
8.252086392657166647e-02
1.325912246912993794e-02
9.999999999999999547e-07
1.325912246912993968e-02
9.999999999999999547e-07
1.874916805452638002e-02
3.974738192114169594e-02
2.963663535527569920e-02
3.506018587460947578e-02
2.296070343847960230e-02
9.999999999999999547e-07
9.999999999999999547e-07
9.999999999999999547e-07
9.999999999999999547e-07
9.052576188085657838e-02
4.588404466441114993e-02
2.296070343847913739e-02
1.325912246912937242e-02
9.999999999999999547e-07
9.999999999999999547e-07
9.999999999999999547e-07
6.207218517265773033e-02
9.999999999999999547e-07
9.999999999999999547e-07
9.999999999999999547e-07
9.999999999999999547e-07
9.999999999999999547e-07
1.325912246912945222e-02
9.999999999999999547e-07
9.999999999999999547e-07
9.999999999999999547e-07
9.999999999999999547e-07
2.296070343847946352e-02
9.999999999999999547e-07
9.999999999999999547e-07
9.999999999999999547e-07
9.999999999999999547e-07
9.999999999999999547e-07
9.999999999999999547e-07
9.999999999999999547e-07
9.999999999999999547e-07
9.999999999999999547e-07
3.385269335319405770e-01
4.682048072483254164e-01
4.087436838948361184e-01
3.843582281134608758e-01
1.591948010066562280e-01
3.799079422732062339e-01
3.344694084016240354e-01
1.234182206384275282e-01
1.030025564522532300e-01
5.616631439651618291e-02
3.246235559795078440e-02
3.246235559795111747e-02
3.997898749107625660e-01
4.772021879257807853e-01
2.490779693182450794e-01
9.241536837550808070e-02
2.553967368677583227e-01
2.107585548971341594e-01
7.122219531052750852e-02
5.458868749323910613e-02
1.325912246912996049e-02
1.325912246912948345e-02
9.999999999999999547e-07
4.461424308147364792e-01
2.294032216798295998e-01
9.785794032787308028e-02
2.317710433367131118e-01
2.018315546865657728e-01
7.243333924093656173e-02
7.930457016545863769e-02
3.506018587460942720e-02
1.874916805452781290e-02
3.506018587460887209e-02
6.873456528156579592e-02
3.246235559795054848e-02
8.459532599006867881e-02
7.243333924093704745e-02
2.296070343847924494e-02
9.999999999999999547e-07
1.325912246912939671e-02
9.999999999999999547e-07
9.999999999999999547e-07
2.651025010544401372e-02
2.651025010544388535e-02
2.651025010544396515e-02
9.999999999999999547e-07
9.999999999999999547e-07
9.999999999999999547e-07
9.999999999999999547e-07
9.999999999999999547e-07
6.998965434906774530e-02
5.770028629755624694e-02
2.651025010544388189e-02
9.999999999999999547e-07
1.325912246912986682e-02
9.999999999999999547e-07
9.999999999999999547e-07
5.458868749323578934e-02
2.296070343847914433e-02
2.651025010544398597e-02
9.999999999999999547e-07
9.999999999999999547e-07
9.999999999999999547e-07
1.325912246912992927e-02
9.999999999999999547e-07
9.999999999999999547e-07
9.999999999999999547e-07
9.999999999999999547e-07
1.874916805452851720e-02
9.999999999999999547e-07
9.999999999999999547e-07
9.999999999999999547e-07
9.999999999999999547e-07
9.999999999999999547e-07
9.999999999999999547e-07
9.999999999999999547e-07
9.999999999999999547e-07
9.999999999999999547e-07
3.926183232690428904e-01
4.854984915633731024e-01
4.385505575883493212e-01
3.740882058816872302e-01
1.565532112450401525e-01
3.768708892246379061e-01
3.266896984820376604e-01
1.220294767568617517e-01
9.241536837550928807e-02
5.458868749323641384e-02
2.963663535527565757e-02
2.296070343847963352e-02
3.845044379131451473e-01
4.610871802940909037e-01
2.167074097155703705e-01
8.956549242381878218e-02
2.412663627136307498e-01
1.965698516802185936e-01
7.594853572569208733e-02
3.506018587460956598e-02
2.296070343847960576e-02
9.999999999999999547e-07
9.999999999999999547e-07
4.327087636713545238e-01
2.245724692447246262e-01
8.859446632385588327e-02
2.141296699489404487e-01
1.824047288263507816e-01
6.065042195097196387e-02
5.770028629755975108e-02
1.874916805452683452e-02
1.874916805452788923e-02
9.999999999999999547e-07
1.054768551856598291e-01
9.999999999999999547e-07
8.039135157005491972e-02
6.482079534066526039e-02
2.296070343847924841e-02
9.999999999999999547e-07
9.999999999999999547e-07
9.999999999999999547e-07
1.874916805452749718e-02
1.325912246912909487e-02
2.963663535527563675e-02
9.999999999999999547e-07
1.874916805452727167e-02
9.999999999999999547e-07
9.999999999999999547e-07
9.999999999999999547e-07
9.999999999999999547e-07
7.243333924093565968e-02
5.919399721946071169e-02
2.651025010544388189e-02
3.246235559795091624e-02
9.999999999999999547e-07
9.999999999999999547e-07
9.999999999999999547e-07
6.207218517265764013e-02
9.999999999999999547e-07
2.651025010544398597e-02
9.999999999999999547e-07
9.999999999999999547e-07
9.999999999999999547e-07
1.325912246912999692e-02
9.999999999999999547e-07
9.999999999999999547e-07
9.999999999999999547e-07
9.999999999999999547e-07
2.296070343847946352e-02
9.999999999999999547e-07
9.999999999999999547e-07
9.999999999999999547e-07
9.999999999999999547e-07
9.999999999999999547e-07
9.999999999999999547e-07
9.999999999999999547e-07
9.999999999999999547e-07
9.999999999999999547e-07
4.358187252660162270e-01
4.984891020515530569e-01
4.704015347426895866e-01
3.517895923115548773e-01
1.437089018221662795e-01
3.695039216911379376e-01
3.109790955393034184e-01
1.192003494513678707e-01
8.039135157005498911e-02
5.128624488410179344e-02
2.963663535527565757e-02
1.874916805452749718e-02
3.796067960075021341e-01
4.540456979191806464e-01
1.953316879994058120e-01
7.930457016545053306e-02
2.334436689008477228e-01
1.741120011945911095e-01
5.919399721946164844e-02
4.955162033099322350e-02
2.296070343847955719e-02
1.325912246912948345e-02
9.999999999999999547e-07
4.158581230306286347e-01
2.014326087162050249e-01
6.873456528156615675e-02
2.126394484472367286e-01
1.702778945387865006e-01
5.919399721945956677e-02
6.346161658287585716e-02
1.874916805452659860e-02
1.874916805452781290e-02
1.874916805452655003e-02
6.207218517265801483e-02
1.325912246912974539e-02
6.745566950199893830e-02
6.207218517265948587e-02
1.874916805452656737e-02
1.325912246912973151e-02
9.999999999999999547e-07
9.999999999999999547e-07
9.999999999999999547e-07
9.999999999999999547e-07
3.747754738248679218e-02
1.874916805452723351e-02
9.999999999999999547e-07
9.999999999999999547e-07
9.999999999999999547e-07
9.999999999999999547e-07
9.999999999999999547e-07
6.998965434906845307e-02
5.770028629755654531e-02
3.506018587460972558e-02
3.246235559795091624e-02
1.325912246912987029e-02
9.999999999999999547e-07
9.999999999999999547e-07
2.963663535527556389e-02
1.874916805452758045e-02
2.963663535527564369e-02
2.296070343847925535e-02
9.999999999999999547e-07
9.999999999999999547e-07
9.999999999999999547e-07
1.325912246912995356e-02
1.325912246912993100e-02
9.999999999999999547e-07
9.999999999999999547e-07
9.999999999999999547e-07
9.999999999999999547e-07
9.999999999999999547e-07
9.999999999999999547e-07
9.999999999999999547e-07
9.999999999999999547e-07
9.999999999999999547e-07
9.999999999999999547e-07
9.999999999999999547e-07
9.999999999999999547e-07
4.691846072612255725e-01
4.995920651345267527e-01
4.877382447343696636e-01
3.236090313158513920e-01
1.301255839876392095e-01
3.617983883390948341e-01
2.901908542455605700e-01
1.021638693063576658e-01
7.122219531053283759e-02
4.775337994212566078e-02
2.651025010544394434e-02
1.874916805452749718e-02
3.383357350204700964e-01
4.134893183569406383e-01
1.889971730853359511e-01
6.998965434906605221e-02
2.252705657481952339e-01
1.527697746493850983e-01
5.458868749323724651e-02
2.651025010544392352e-02
2.296070343847939760e-02
9.999999999999999547e-07
9.999999999999999547e-07
4.062436365284550766e-01
1.855150245762991201e-01
8.459532599006876208e-02
2.133861498134246026e-01
1.597172957038516250e-01
6.615158625227976485e-02
5.296350459567433777e-02
2.651025010544393393e-02
1.325912246912924926e-02
9.999999999999999547e-07
6.207218517265755686e-02
9.999999999999999547e-07
6.745566950199810563e-02
4.775337994212681264e-02
1.874916805452678595e-02
9.999999999999999547e-07
9.999999999999999547e-07
9.999999999999999547e-07
9.999999999999999547e-07
9.999999999999999547e-07
2.296070343847935943e-02
1.325912246912995876e-02
9.999999999999999547e-07
9.999999999999999547e-07
9.999999999999999547e-07
9.999999999999999547e-07
9.999999999999999547e-07
9.241536837551242445e-02
6.482079534066514936e-02
1.874916805452670268e-02
9.999999999999999547e-07
1.325912246912987029e-02
9.999999999999999547e-07
9.999999999999999547e-07
5.770028629755622612e-02
1.874916805452845128e-02
1.325912246912934640e-02
2.296070343847925535e-02
9.999999999999999547e-07
9.999999999999999547e-07
9.999999999999999547e-07
9.999999999999999547e-07
9.999999999999999547e-07
9.999999999999999547e-07
9.999999999999999547e-07
2.651025010544394087e-02
9.999999999999999547e-07
9.999999999999999547e-07
9.999999999999999547e-07
9.999999999999999547e-07
9.999999999999999547e-07
9.999999999999999547e-07
9.999999999999999547e-07
9.999999999999999547e-07
9.999999999999999547e-07
1.044626375434692989e+01
5.113687007048342004e+00
4.901749485472597812e+00
1.065709769262362050e+00
3.287343486047073493e-01
1.279466846358608523e+00
5.975233982685212997e-01
1.801770638453508988e-01
3.543113629988541846e-01
7.001349801177339516e-02
1.924934048505074768e-01
3.975982234693790918e-02
5.768472806373696748e-01
5.537796034783827315e-01
3.242799817028688136e-01
1.268506161174536573e-01
9.999999999999999547e-07
4.395986025183208634e-02
9.999999999999999547e-07
9.999999999999999547e-07
2.651724493825912549e-02
9.999999999999999547e-07
4.779220039154957050e-02
2.963663535527547022e-02
1.680653202512255806e+00
1.146704869485309919e+00
9.999999999999999547e-07
9.999999999999999547e-07
9.999999999999999547e-07
9.999999999999999547e-07
1.303053899784070158e-01
1.773597611615644054e-01
2.255002029010277353e-01
9.071676634951882090e-02
9.081211793045014524e-02
1.043834209017129033e-01
9.999999999999999547e-07
9.999999999999999547e-07
9.999999999999999547e-07
9.999999999999999547e-07
9.999999999999999547e-07
1.612424223806974144e-01
9.999999999999999547e-07
1.874916805452648758e-02
9.999999999999999547e-07
9.999999999999999547e-07
9.999999999999999547e-07
9.999999999999999547e-07
9.999999999999999547e-07
1.325912246912955110e-02
9.999999999999999547e-07
9.999999999999999547e-07
9.999999999999999547e-07
9.999999999999999547e-07
5.928895568099697838e-02
9.999999999999999547e-07
9.999999999999999547e-07
9.999999999999999547e-07
9.999999999999999547e-07
9.999999999999999547e-07
9.999999999999999547e-07
9.999999999999999547e-07
1.008925375630267685e-01
9.999999999999999547e-07
9.999999999999999547e-07
9.999999999999999547e-07
9.999999999999999547e-07
9.999999999999999547e-07
9.999999999999999547e-07
9.999999999999999547e-07
9.999999999999999547e-07
9.999999999999999547e-07
9.999999999999999547e-07
9.999999999999999547e-07
9.999999999999999547e-07
9.999999999999999547e-07
9.999999999999999547e-07
2.651724493826001713e-02
1.485694599711879249e+01
6.222960984476394231e+00
7.136775842514856194e+00
1.586467552627049526e+00
5.450279664246008293e-01
1.822253422642560405e+00
1.114700256617755070e+00
3.205286004299890967e-01
7.038791999439190095e-01
1.740696568115812359e-01
1.108804251673807389e-01
1.991530953609267629e-01
1.511675316913968725e+00
1.751295048812174127e+00
5.663140178057405327e-01
5.130311721130106223e-02
7.949376384228222514e-02
1.247671113665544118e-01
5.463622937152506215e-02
9.999999999999999547e-07
4.189367633510989591e-02
1.325912246912942273e-02
3.977536740739015531e-02
3.005856544576066103e+00
2.109889710270111129e-01
1.327940874593401821e-01
3.031366333961854065e-01
8.172463921832710809e-02
9.999999999999999547e-07
9.999999999999999547e-07
9.999999999999999547e-07
9.999999999999999547e-07
9.999999999999999547e-07
1.682619776026570146e-01
3.749733610905569420e-02
1.026341495814887539e-01
5.128624488410250815e-02
2.296070343847914433e-02
9.999999999999999547e-07
9.999999999999999547e-07
9.999999999999999547e-07
1.060659797530400655e-01
1.219163299018658497e-01
2.651724493825963203e-02
1.402800546381543501e-01
9.999999999999999547e-07
9.999999999999999547e-07
9.999999999999999547e-07
9.999999999999999547e-07
9.999999999999999547e-07
1.029511871376416865e+00
1.325912246912900640e-02
4.592040687695827378e-02
9.999999999999999547e-07
9.999999999999999547e-07
9.999999999999999547e-07
9.999999999999999547e-07
2.013670002242550217e-01
2.964497784050435653e-02
9.999999999999999547e-07
9.999999999999999547e-07
9.999999999999999547e-07
9.999999999999999547e-07
3.977536740739431170e-02
9.999999999999999547e-07
9.999999999999999547e-07
9.999999999999999547e-07
9.999999999999999547e-07
3.977536740739402027e-02
9.999999999999999547e-07
9.999999999999999547e-07
9.999999999999999547e-07
9.999999999999999547e-07
9.999999999999999547e-07
9.999999999999999547e-07
1.325912246913000386e-02
9.999999999999999547e-07
6.074208590708102956e-02
1.697825687720362708e+01
6.327819276508899193e+00
8.853342263197587769e+00
1.735151912165055821e+00
6.237497251947948795e-01
2.324342177919986874e+00
1.317549869762571157e+00
3.324628668070428450e-01
1.003773632016965456e+00
2.134044000545207431e-01
1.351424540635070837e-01
2.236638974317992912e-01
1.396487534260591579e+00
1.826260815917722713e+00
5.034847310006506094e-01
7.003556823923601238e-02
5.655578416671683817e-01
3.389134757683951449e-01
1.316918241349871177e-01
2.488773542539805539e-01
9.999999999999999547e-07
1.325912246912948345e-02
9.999999999999999547e-07
2.581551414408001843e+00
3.488381088610126857e-01
7.502902497118950631e-01
4.867434044967192119e-01
4.952238948249858552e-01
9.166935932418007749e-02
1.711970826768202114e-01
2.296070343847937331e-02
1.874916805452638349e-02
1.439719191419620847e-01
8.868234112165145067e-02
3.247187589484158005e-02
1.241433703453183740e-01
8.865445379715441998e-02
2.296070343847955025e-02
1.874916805452829516e-02
9.999999999999999547e-07
9.999999999999999547e-07
5.303348987652003327e-02
3.976915011238198877e-02
1.325912246912999692e-02
3.977536740739019000e-02
9.999999999999999547e-07
9.999999999999999547e-07
9.999999999999999547e-07
9.999999999999999547e-07
9.999999999999999547e-07
1.029397778757538129e+00
1.247918822260023347e-01
6.216771916603322512e-02
9.999999999999999547e-07
1.325912246912939671e-02
9.999999999999999547e-07
9.999999999999999547e-07
2.645311453967720827e-01
1.325912246912911222e-02
9.999999999999999547e-07
9.999999999999999547e-07
9.999999999999999547e-07
9.999999999999999547e-07
4.592040687695848195e-02
9.999999999999999547e-07
9.999999999999999547e-07
9.999999999999999547e-07
9.999999999999999547e-07
9.999999999999999547e-07
9.999999999999999547e-07
9.999999999999999547e-07
9.999999999999999547e-07
9.999999999999999547e-07
9.999999999999999547e-07
9.999999999999999547e-07
9.999999999999999547e-07
9.999999999999999547e-07
9.999999999999999547e-07
1.687811580732257610e+01
6.877051355402755028e+00
1.074133413814411675e+01
1.568240316850106675e+00
6.523830763868724292e-01
2.425340936507156542e+00
1.109723341849410794e+00
3.208283116186147477e-01
7.244503507430853917e-01
1.582849992568661768e-01
8.382397237697331027e-02
2.221263254850405211e-01
1.269994081571125477e+00
1.464134490580906167e+00
5.348210670223814134e-01
1.089859586066038583e-01
5.915765226710878455e-01
2.937461217765060528e-01
8.373542851777734941e-02
2.316875453329462764e-01
2.296070343847977230e-02
4.191727950697278493e-02
3.247187589484030329e-02
2.484299069858278752e+00
9.128903481718430024e-01
3.630966602485580785e-01
3.528124396953738473e-01
2.975838366618134834e-01
7.494007273802558156e-02
4.606835897208894637e-01
5.775168926698626831e-02
2.964497784049843418e-02
1.325710339626716971e-01
1.542956647916102486e-01
1.874916805452645288e-02
1.315481052707918042e-01
1.066331556088762345e-01
2.963663535527558471e-02
9.999999999999999547e-07
1.325912246912986682e-02
9.999999999999999547e-07
3.749733610905275905e-02
3.748909207577292430e-02
8.892598215703771680e-02
9.644534384894390411e-02
2.651724493825999632e-02
9.999999999999999547e-07
9.999999999999999547e-07
9.999999999999999547e-07
9.999999999999999547e-07
9.750402668975429732e-01
1.620272168624415920e-01
6.353560556045277641e-02
4.394860876368870961e-02
9.999999999999999547e-07
9.999999999999999547e-07
9.999999999999999547e-07
3.468141703665750808e-01
1.325912246912911222e-02
1.874916805452705310e-02
2.651724493825991999e-02
9.999999999999999547e-07
9.999999999999999547e-07
4.394860876368969493e-02
9.999999999999999547e-07
9.999999999999999547e-07
9.999999999999999547e-07
9.999999999999999547e-07
3.225577815112154467e-01
9.999999999999999547e-07
9.999999999999999547e-07
9.999999999999999547e-07
9.999999999999999547e-07
9.999999999999999547e-07
9.999999999999999547e-07
1.874916805452712248e-02
9.999999999999999547e-07
9.999999999999999547e-07
1.753971032892095039e+01
7.197104321004507810e+00
9.854546626124008668e+00
1.551401050948205462e+00
6.619507857367743497e-01
2.430126075375265593e+00
1.008124548784761876e+00
2.797032808692488937e-01
6.720614004198508518e-01
1.034337690099253471e-01
1.493501714324703966e-01
1.567983309093361199e-01
8.704676660493884111e-01
1.976588213341218703e+00
4.140803266784584546e-01
1.338494102894859927e-01
8.134999971791682105e-01
3.742030773805840593e-01
1.495355923776440499e-01
1.677522785151970008e-01
3.974738192114191798e-02
3.247187589484042819e-02
4.191727950697321514e-02
4.033023912814038603e+00
1.030092181904381787e+00
4.414748298239332680e-01
5.887547427344950179e-01
4.564965599856294354e-01
1.205395151706780826e-01
2.644547185143859003e-01
8.059870485634477999e-02
3.976915011238194020e-02
8.892598215703770292e-02
1.646570124498922261e-01
3.506018587460978803e-02
1.570310616211101074e-01
1.088298639369531667e-01
1.874916805452669227e-02
9.999999999999999547e-07
9.999999999999999547e-07
9.999999999999999547e-07
9.999999999999999547e-07
1.018133765942757368e-01
2.296070343847915127e-02
1.874916805452651533e-02
9.999999999999999547e-07
9.999999999999999547e-07
9.999999999999999547e-07
9.999999999999999547e-07
9.999999999999999547e-07
7.864762151394913969e-01
9.550575988425236140e-02
4.779220039154620514e-02
9.999999999999999547e-07
1.325912246912998131e-02
9.999999999999999547e-07
9.999999999999999547e-07
1.350875516159610601e-01
9.999999999999999547e-07
9.999999999999999547e-07
1.325912246912992754e-02
9.999999999999999547e-07
9.999999999999999547e-07
1.325912246912912089e-02
9.999999999999999547e-07
9.999999999999999547e-07
9.999999999999999547e-07
9.999999999999999547e-07
9.999999999999999547e-07
9.999999999999999547e-07
9.999999999999999547e-07
9.999999999999999547e-07
9.999999999999999547e-07
9.999999999999999547e-07
9.999999999999999547e-07
9.999999999999999547e-07
9.999999999999999547e-07
1.874916805452639737e-02
1.873653447718690046e+01
6.372251056876789832e+00
1.062862523565478412e+01
1.599990330279011275e+00
4.875157595554762691e-01
2.218631345689774381e+00
1.202151242091789474e+00
3.845611862647915213e-01
7.089966554330930926e-01
1.091763749864765182e-01
9.828908162811784976e-02
1.162921893020606029e-01
1.293962687040834503e+00
2.113037018373638443e+00
4.460747737039230665e-01
1.411236134705995404e-01
7.415312329522107948e-01
3.140789853336088400e-01
8.578989100092294928e-02
1.538189619287903820e-01
4.191727950697336780e-02
2.651724493825850099e-02
1.325912246912997437e-02
3.149257921813475303e+00
1.205988630892746993e+00
7.954615959914337342e-01
6.320302923172692600e-01
3.601643333861258012e-01
7.606240320953476519e-02
3.088103555833217606e-01
3.246235559795111747e-02
1.325912246912945049e-02
1.364770415280322224e-01
1.050197470176606890e-01
3.246235559795040276e-02
2.188838450206188613e-01
8.865445379715411467e-02
1.325912246912993794e-02
9.999999999999999547e-07
1.325912246912993968e-02
9.999999999999999547e-07
5.466337759429321791e-02
1.463832720428414058e-01
4.395986025183124674e-02
3.506018587460947578e-02
2.296070343847960230e-02
9.999999999999999547e-07
9.999999999999999547e-07
9.999999999999999547e-07
9.999999999999999547e-07
1.269857004267158640e+00
6.755182600658574121e-02
4.592040687695827378e-02
1.325912246912937242e-02
9.999999999999999547e-07
9.999999999999999547e-07
9.999999999999999547e-07
8.781529985710512243e-02
9.999999999999999547e-07
9.999999999999999547e-07
9.999999999999999547e-07
9.999999999999999547e-07
9.999999999999999547e-07
1.325912246912945222e-02
9.999999999999999547e-07
9.999999999999999547e-07
9.999999999999999547e-07
9.999999999999999547e-07
2.296070343847946352e-02
9.999999999999999547e-07
9.999999999999999547e-07
9.999999999999999547e-07
9.999999999999999547e-07
9.999999999999999547e-07
9.999999999999999547e-07
9.999999999999999547e-07
9.999999999999999547e-07
9.999999999999999547e-07
1.843426642151512951e+01
6.647908818369153927e+00
1.214931273057300665e+01
1.646929862325327454e+00
5.750545002125286853e-01
2.270357039707721292e+00
1.159006276580625050e+00
3.716081957093012589e-01
6.284238782073447993e-01
1.034158377184519750e-01
8.988586244314089591e-02
8.589575035377090828e-02
8.891707872574490246e-01
1.715892667242526759e+00
4.814518238242391779e-01
1.590587353722360542e-01
7.925863325375579471e-01
3.588347808157921759e-01
1.099047949884551650e-01
1.139397004176559702e-01
1.325912246912996049e-02
1.325912246912948345e-02
9.999999999999999547e-07
3.713429506760931087e+00
9.699339804467862480e-01
8.181920231485219075e-01
6.646851088676052344e-01
3.659986122159686328e-01
1.276016804008584804e-01
4.335267672019545993e-01
4.190695475510381601e-02
3.749733610905562481e-02
6.886036299235052949e-02
1.269650866262858058e-01
5.132961966287772487e-02
1.812852817605435929e-01
9.164575370874866733e-02
3.247187589484186454e-02
9.999999999999999547e-07
1.325912246912939671e-02
9.999999999999999547e-07
9.999999999999999547e-07
7.014052731907774452e-02
2.651025010544388535e-02
4.191727950697297922e-02
9.999999999999999547e-07
9.999999999999999547e-07
9.999999999999999547e-07
9.999999999999999547e-07
9.999999999999999547e-07
4.966545043122108649e-01
1.042714311466772931e-01
4.779220039154620514e-02
9.999999999999999547e-07
3.977536740739069654e-02
9.999999999999999547e-07
9.999999999999999547e-07
1.242722739712574104e-01
2.296070343847914433e-02
9.278787253155951209e-02
9.999999999999999547e-07
9.999999999999999547e-07
9.999999999999999547e-07
1.325912246912992927e-02
9.999999999999999547e-07
9.999999999999999547e-07
9.999999999999999547e-07
9.999999999999999547e-07
7.499367221811406581e-02
9.999999999999999547e-07
9.999999999999999547e-07
9.999999999999999547e-07
9.999999999999999547e-07
9.999999999999999547e-07
9.999999999999999547e-07
9.999999999999999547e-07
9.999999999999999547e-07
9.999999999999999547e-07
1.829549350527825879e+01
6.479053932164850593e+00
1.110343798626114165e+01
1.632700189151526038e+00
4.533142647207889508e-01
2.323271448912264781e+00
1.058362237832011887e+00
3.091973110301133865e-01
5.194916717623218050e-01
1.107934180296756832e-01
9.277854484060020501e-02
5.624550416358282956e-02
1.012340875509245786e+00
2.046270942608490184e+00
4.087722668710185303e-01
2.156993136933103017e-01
6.835474516629772568e-01
2.634973361524657332e-01
1.041432953918006582e-01
5.622791607600775843e-02
3.247187589483904041e-02
9.999999999999999547e-07
9.999999999999999547e-07
4.223694847696876309e+00
1.101885333565966629e+00
3.837121407388769945e-01
6.062016021151785949e-01
3.573138313574998892e-01
1.395606817406719602e-01
2.395146213713229277e-01
2.964497784049957216e-02
2.964497784050219159e-02
9.999999999999999547e-07
1.849554501300381404e-01
9.999999999999999547e-07
1.832658853086124584e-01
8.880076454507060402e-02
5.624550416359080235e-02
9.999999999999999547e-07
9.999999999999999547e-07
9.999999999999999547e-07
1.874916805452749718e-02
1.325912246912909487e-02
6.074208590708146671e-02
9.999999999999999547e-07
1.874916805452727167e-02
9.999999999999999547e-07
9.999999999999999547e-07
9.999999999999999547e-07
9.999999999999999547e-07
4.042754359911933104e-01
1.527097739626578077e-01
4.779220039154620514e-02
3.975982234693734019e-02
9.999999999999999547e-07
9.999999999999999547e-07
9.999999999999999547e-07
1.263191677813239600e-01
9.999999999999999547e-07
1.841524730878465466e-01
9.999999999999999547e-07
9.999999999999999547e-07
9.999999999999999547e-07
1.325912246912999692e-02
9.999999999999999547e-07
9.999999999999999547e-07
9.999999999999999547e-07
9.999999999999999547e-07
6.888011031544012674e-02
9.999999999999999547e-07
9.999999999999999547e-07
9.999999999999999547e-07
9.999999999999999547e-07
9.999999999999999547e-07
9.999999999999999547e-07
9.999999999999999547e-07
9.999999999999999547e-07
9.999999999999999547e-07
1.775357057050601739e+01
5.893702043231928478e+00
1.102569530676929865e+01
1.544392699326639695e+00
4.905739617642551065e-01
2.298653639150589179e+00
9.632661385022966982e-01
2.630230670009580107e-01
3.658872894378145113e-01
9.911908130204062639e-02
5.777523367684291727e-02
1.874916805452749718e-02
1.126451565138387512e+00
2.177268992893956145e+00
3.416015958592499291e-01
1.478300004014242719e-01
7.096702060891472152e-01
2.538522331404454713e-01
8.160882486363497945e-02
8.685388860669944477e-02
2.296070343847955719e-02
1.325912246912948345e-02
9.999999999999999547e-07
3.655717845388046783e+00
1.479309812893839560e+00
1.474088275912636137e-01
6.400428533081090610e-01
3.272620261513892181e-01
2.318147810819139731e-01
2.043010208016749485e-01
1.874916805452659860e-02
1.874916805452781290e-02
3.749733610905309905e-02
1.969104553351643805e-01
1.325912246912974539e-02
1.336688219671392786e-01
6.617401033883334172e-02
2.964497784049880541e-02
1.325912246912973151e-02
9.999999999999999547e-07
9.999999999999999547e-07
9.999999999999999547e-07
9.999999999999999547e-07
4.958155274972585874e-02
1.874916805452723351e-02
9.999999999999999547e-07
9.999999999999999547e-07
9.999999999999999547e-07
9.999999999999999547e-07
9.999999999999999547e-07
3.487856507667962402e-01
8.162776000908612828e-02
6.757744463310556837e-02
3.975982234693588302e-02
3.977536740739067572e-02
9.999999999999999547e-07
9.999999999999999547e-07
2.963663535527556389e-02
1.874916805452758045e-02
9.372601213248815677e-02
2.296070343847925535e-02
9.999999999999999547e-07
9.999999999999999547e-07
9.999999999999999547e-07
2.651724493825990958e-02
1.325912246912993100e-02
9.999999999999999547e-07
9.999999999999999547e-07
9.999999999999999547e-07
9.999999999999999547e-07
9.999999999999999547e-07
9.999999999999999547e-07
9.999999999999999547e-07
9.999999999999999547e-07
9.999999999999999547e-07
9.999999999999999547e-07
9.999999999999999547e-07
9.999999999999999547e-07
1.716230600967481834e+01
5.935931811413898807e+00
1.062833332757911187e+01
1.474305704143581197e+00
3.615423892639731962e-01
2.373386991088549891e+00
8.720045778154911220e-01
1.971420056297114309e-01
3.538803282282715901e-01
6.883342569447112314e-02
5.623781005211269529e-02
4.192465277296244380e-02
7.192387499313609434e-01
1.518631463087004585e+00
3.453064681208172781e-01
2.539291732525589262e-01
5.988573222879215452e-01
2.144639318710321318e-01
6.751887348915841525e-02
1.060380004217756911e-01
2.296070343847939760e-02
9.999999999999999547e-07
9.999999999999999547e-07
4.221936937707488902e+00
1.535065413938275558e+00
1.870637914580531302e-01
6.329990211068853290e-01
3.188579236439705866e-01
1.468768490662597515e-01
1.622254897029146714e-01
2.651025010544393393e-02
2.651724493825850099e-02
9.999999999999999547e-07
1.701815707965371183e-01
9.999999999999999547e-07
2.030319099388249726e-01
7.947898715130574665e-02
1.874916805452678595e-02
9.999999999999999547e-07
9.999999999999999547e-07
9.999999999999999547e-07
9.999999999999999547e-07
9.999999999999999547e-07
8.172463921831986389e-02
1.325912246912995876e-02
9.999999999999999547e-07
9.999999999999999547e-07
9.999999999999999547e-07
9.999999999999999547e-07
9.999999999999999547e-07
3.651349729353278173e-01
1.999337808134676320e-01
2.964497784049918358e-02
9.999999999999999547e-07
1.325912246912987029e-02
9.999999999999999547e-07
9.999999999999999547e-07
7.005586670755646617e-02
1.874916805452845128e-02
1.325912246912934640e-02
2.296070343847925535e-02
9.999999999999999547e-07
9.999999999999999547e-07
9.999999999999999547e-07
9.999999999999999547e-07
9.999999999999999547e-07
9.999999999999999547e-07
9.999999999999999547e-07
1.060380004217757605e-01
9.999999999999999547e-07
9.999999999999999547e-07
9.999999999999999547e-07
9.999999999999999547e-07
9.999999999999999547e-07
9.999999999999999547e-07
9.999999999999999547e-07
9.999999999999999547e-07
9.999999999999999547e-07
6.918805092700118786e-01
7.742205144498155445e-01
5.486406387834252829e-01
8.074165173861779232e-01
7.994306577667192881e-01
5.541544962128438501e-01
8.272229026710002930e-01
5.469316510657907804e-01
6.004230146292062198e-01
8.335798527915203593e-01
6.175002466644556876e-01
1.090125699298269808e+02
6.633220160396797738e-01
2.140708649614406056e+01
4.767556891230366034e+01
3.732846842548843824e+01
6.423786390706577309e-01
7.153096649260641815e-01
5.785577874046898472e+01
6.989764862473490936e-01
4.488977677154390221e+03
7.849480483196158431e-01
1.558012488445544648e+02
4.845234424191537983e+03
1.278836782064076942e+02
3.333564826241890700e+01
3.041506976212868807e+01
2.936800911522136204e+01
8.799971650187635532e+03
8.420752553420864928e-01
1.090078635251412642e+01
1.628192781178561077e+01
1.628192781178561077e+01
7.116015196027777989e+00
9.388958983174231321e+01
1.509113798391086902e+01
1.778291807105796352e+01
1.171841510351752724e+01
7.971031484344039963e-01
8.737157142398946919e-01
1.802689504592603669e+02
2.789451302826211077e+01
8.351334028898524053e+00
1.215516401455304418e+02
9.168665698419842247e-01
4.227083674732234030e-03
2.110828135281721813e+02
7.709483461283105498e+03
8.677722285158250282e-01
8.076602966546974471e+01
3.260283374084022245e+00
6.820166044278750839e+00
1.539365305849726973e+01
5.476795693328637782e+01
1.898707607569900517e+02
2.042652389021843646e+02
9.777641468940542202e-01
1.304473471348691055e+04
1.077901646671987956e+00
1.177492940619649380e+04
1.670313805074060156e+03
2.420115021705409930e+01
1.939563149253159224e+02
5.618816639587822515e+00
2.445783339062674315e+02
1.056076082220469781e+00
9.754996343880789311e+01
2.085004681490742939e+01
3.481957751089549191e+01
9.088472905911612054e-01
1.749112028780325900e+01
2.043433779870455069e+01
4.762149565946844909e+00
1.119616251130265416e+00
6.256755624711657219e+03
1.299065058820656260e+00
4.802094922796502213e-03
9.039349359374055837e+01
3.488894005324507930e+02
6.149138689817823433e+02
2.547791406421304714e+02
1.533300005427943313e+00
4.012705759451412391e+00
1.514753354852160117e+00
2.707603952473003872e+01
8.313680458689883324e+01
3.332763562409747493e+01
1.636865873971955261e+04
1.487194155078664335e+04
1.776955129691375035e+00
5.312909951080058590e+01
4.370196463015846078e+00
2.065285872477468754e+00
2.332465004524884034e+00
1.987116489527372742e+00
1.081542292056358718e+02
2.792087884588071134e+01
3.070142258398882440e+00
3.850552636432811937e+02
2.848366053125780581e+02
2.782054157689991314e+01
1.745406359723358847e+01
2.584551437209139380e+00
5.592263831600061685e+00
1.969237338384627023e+01
4.660175537377290311e+01
1.676708015763040748e+04
2.580545133509128064e+00
2.432064363192308676e+00
1.245235660831470170e+02
1.809487682304493865e+04
1.541613082596208439e+00
1.942865495696273825e+01
4.615009450598090268e+01
4.332613060258101001e+00
3.030040970356618004e+02
6.722808071276561992e-02
4.141362002153284649e+00
3.896631437921150365e+01
1.053386884882807806e+01
2.036935025877753347e+01
9.485350491965295561e+00
3.041697003544628686e+00
4.433914094272885187e+00
1.798878546273843676e+04
4.185848225922079564e+02
6.407836812334379317e+01
1.327993229853740615e+02
8.609408837857149166e+00
2.110302486659698384e-01
2.823446087352614597e+01
1.900861654346471551e+04
5.121538937687959248e+01
3.179026722955243258e+02
2.364890891329183731e+00
2.224813488258370171e+02
3.750199779270257801e+07
3.750200020187846571e+07
1.824491856766936948e+01
1.853694974137477658e+01
7.144840830864225556e-02
2.384731412778857695e-01
2.852681264398218897e+00
1.407403813819228162e+02
1.913083988267457971e+04
1.000733994048264908e+00
1.006682023048290242e+00
1.786089767685355156e-01
5.439766035898679242e+00
1.998224234111430633e+04
8.514164630210841267e+01
4.716040508235412858e+02
7.925651706345672842e+00
3.298781553798365849e+02
8.165323539952737519e+01
1.641139434466364477e+01
3.353105920998857403e+00
1.524389699467508796e+00
2.037796966163502865e-01
8.240540364448545319e+00
8.240540364448545319e+00
2.009250461887818417e+00
1.479287529255048916e+00
1.484508390030704561e+02
1.718393547692959267e+00
9.025950541956123629e+01
2.020696389466831897e+04
3.038541803011850462e+01
4.767578128092010274e+02
5.475313346216705360e-03
8.658212777515251446e+02
1.347703446823885765e-01
5.915483359861084978e+00
3.555431148692442950e-02
3.357412395799953515e+02
1.525140848809865588e+02
1.058358309588525970e+02
9.564402462780052794e-01
2.064665189482148344e+04
5.537138137105540814e+00
7.123239901723022349e+00
1.471391685119811665e+00
3.168239527911597975e+01
2.125745453074514080e+04
2.276401353593501126e-02
5.294655816638281998e+00
1.461897949706705013e+01
3.005195410931353450e+01
4.992216395984997348e+02
6.056031968683113220e-01
2.597267194856219152e+00
1.220753997053027206e+03
5.109232157519046247e+00
1.351829820792764849e+02
1.489727883460626678e+01
2.285020412079246555e+01
3.606563365082528616e+00
4.171580645340065452e+00
4.344852912137884826e-01
6.570369950384612245e+00
1.707263077093409631e+00
7.324118741222764850e-01
1.204256994989797880e+00
6.782234655374482779e-01
3.561650807180516409e+00
2.532137740062304854e+00
1.042835968872939834e+00
2.764580967067674422e+00
9.503685451997821332e+00
5.797078473390774311e-01
5.130653556313675381e+02
4.636825606017146839e+01
2.415414737540804424e+02
2.610036607411360876e+01
1.675903659056875767e+02
8.640304108140092199e-01
1.242693929035699973e+00
8.563316675201013695e+00
1.445461515649255180e+00
1.696150071900411893e+00
3.868184028989828249e+01
4.764226529574769664e+00
2.214389756067051621e+03
1.841317351516487477e+01
3.507515166321897859e-01
7.636157052222677599e+00
1.880314624680741190e+03
7.524355961959101613e+00
1.998944991255155628e+03
2.343898278185009842e-01
4.404239510103690747e-01
2.575736487587051471e+01
4.305239341579335743e+00
2.583599369662438221e+02
2.010976022427653618e+02
2.231913662490622485e+01
9.199965222575543500e-01
9.114974747880418005e-02
8.185269074054210559e-02
3.080204822912481766e-01
4.141128543949021079e+00
8.225016972832607280e+03
2.156515795694371263e+03
2.499935122743846272e-01
4.307278793359864411e-01
5.582926288269119963e-01
8.340246044691449256e+00
2.139133633327684947e+03
8.533802036821792614e-01
8.964160633813527124e-01
1.830827969631340091e+00
4.237896123762628697e+00
1.529855621343220719e+03
3.794595543657326431e-01
3.794595543657326431e-01
1.565887451358958344e+02
1.316704384271098482e-01
1.387755072000421031e+01
1.820735298633193722e-01
7.521461661038909563e-01
5.405154276274304337e+00
1.976156253937251250e+01
1.097856384745824476e+00
6.354600076497768368e-01
3.113041211605387826e+00
6.359110076343138518e-01
2.806475606271755519e-01
2.057777501797002273e+01
5.417593305861287689e+01
3.097334222128734993e+00
4.686789083450216822e+03
8.061888338355174821e-02
8.623127984564926685e-02
6.410351545106646176e-01
8.266859137405549518e+02
7.398609353976748935e+03
2.969090936654325574e+01
1.213804239763923709e-01
7.345787065016035067e-01
1.060115504031008959e-01
6.973534813211391338e+03
1.095490877649841349e-01
6.412363740363064175e-03
6.645811934858234515e-01
8.308246162976186400e-02
2.543012570480669976e-01
5.652315490651795216e+01
1.951829252331397146e+00
7.420417837248105108e+00
1.160698944607883032e+00
1.550527704936525586e+00
8.585686402392233019e-01
1.801770638453508988e-01
2.470573943022858288e+01
5.966029866332015485e-01
1.987428632545912011e-01
7.954304194241960431e+03
2.250126458501168969e+01
5.498592619550428662e-01
2.709218761394040342e+01
2.948036042606365648e+00
1.970363291015543528e+00
8.421301019040111413e+00
3.596635775419063652e-01
9.585858795446438307e+03
1.071104973392189521e+02
9.569537413334652243e+00
9.619368990498815108e+00
6.257729689063047385e-01
1.963099652586567601e+01
4.838862976601686405e+00
2.243592445632935473e+00
6.519903326258599252e-01
1.699111391033153851e+01
4.767514293012826143e-01
4.441125601464764872e-01
1.151685782857297391e-01
1.483475570703409119e+01
4.856824355115598735e+00
5.384320161376650038e-01
5.791766087445320409e+03
9.414629753162305548e+00
6.085720901862013754e+00
1.695563480697612846e+01
7.767055066687024965e-03
9.854305169106011064e+00
1.390811439143127271e-01
3.139370347374289327e+00
3.998994600229498264e+00
3.486952040548407239e-01
4.923186583624570845e-01
3.878109278688391393e-01
7.400788547578961207e+00
1.599306902885604487e+01
4.750055603485912492e+00
1.157143585440627120e+00
1.285571187874938515e+00
1.285571187874938515e+00
4.223083614469741676e+00
2.096970996926205810e+00
9.489736845863131265e+00
1.360018578702452685e-01
1.059324378757782112e-02
8.094482422103274288e+00
4.004894055583783641e-01
1.698955926688241913e+00
1.179824953585750791e+00
1.478193766215926797e+00
9.598302033337143158e+00
7.914119661121145344e-02
1.024294980312494729e+01
3.724245206392147178e+00
6.504932722900530280e+02
9.522910579057908720e+00
2.651707531950001144e+10
1.677047298417453647e-01
3.122868649354841253e+01
6.707276266878764437e-01
6.806883879726322029e-01
1.017801745842869643e+00
1.417692897000555519e+01
3.226217283610095819e+03
1.995176753929057023e+00
1.410383007985567018e-02
6.812205685401323763e+00
2.670514635933614755e+01
2.566544038244515047e+00
1.002210151392779558e+01
1.007067926298239335e+01
1.198975409473524295e-01
1.737495252308640104e-01
6.178510617023464846e+01
5.345284113091794964e-01
1.034550885181398527e+01
1.387771252432917213e-01
2.807720945873503071e-01
1.476689680530099413e-01
1.123985499763540341e+00
8.371595967965449248e+00
2.444891802847634910e-01
9.607203560771886419e-01
9.676497112397277611e-01
7.222430553306317961e+03
6.407799396540710957e-01
3.128697458484629434e-01
1.106900375567122907e+01
1.203660904865752990e+01
2.171758688566814144e-01
1.264781261190545258e+01
2.033058994232502670e+01
2.566677409483257222e+01
1.052222000946086844e+01
7.813718052952256699e+01
7.179436370547131219e+01
5.919399721945651366e-02
5.919399721945651366e-02
1.689096999324803505e+01
5.919399721945651366e-02
5.919399721945651366e-02
2.438199717085868731e-02
