4.450524811831886609e+02
7.995599355688975507e+00
3.830675237955693291e+01
6.500156055059331095e+01
6.770398301361839621e-01
1.131556889734959936e+00
8.814321276907462199e-02
5.741514130912285907e+01
3.065851515595255705e+01
6.597159174110411861e+00
5.948001171474593463e+01
3.274344706399180183e+01
1.333460243080978103e+01
4.080509591448235795e+01
6.670669204861619406e+00
1.068210572558212917e-01
2.612095475179382120e+00
5.886659833064870201e-02
1.066364035729975157e+01
2.675662615317030202e+01
2.183394347635085708e+01
2.958705520574022696e+00
4.588373114658075735e+00
5.256992238980816995e-02
3.471957826914628953e-01
4.417923561282764422e-01
2.909650021965148881e-01
2.401522916971738156e-02
3.089764240738028869e-02
4.685898374579001470e-03
8.308683555425391276e-01
8.824571679601698193e+00
7.876702299018889519e-01
4.552130619417179958e+01
3.828951530238677492e+01
5.540181578562020093e+00
7.966334748865171456e+00
1.683570068824129740e+00
9.714306633474887320e+00
1.203895153023868758e+01
7.834236344999268020e-02
1.322155513252306402e+00
9.371796749158002940e-03
3.387025918875384178e+00
5.666129740811245874e+00
1.984507248499048160e+01
1.735539610484697448e+01
1.244838190071752893e+00
5.760881534631723255e-01
1.210547664372537968e-01
1.071304436960009099e+00
2.314248059745204422e+00
7.076708156391872118e-01
6.150241616634938985e-02
4.817689266364035688e-02
7.715624542392737206e-01
2.430956216137062587e+00
8.390686776980524342e-02
7.951383804363743035e-02
3.902474740079074356e-01
4.772294625860301620e-01
1.010396837018597144e-01
5.754868941279835809e-02
1.221408698198857889e+00
3.306861912432293993e-01
1.776997333430956351e+05
2.356692605066616863e+01
1.025548220822954093e+01
6.056507834236356302e+00
1.241114248059745506e+01
5.816570508127105743e-01
3.350833211304742876e-01
1.752871577097670774e-01
9.508522477668815420e-02
6.234948601552180669e+00
1.621021642993117240e+01
1.804095617220668544e+02
1.158731812856935761e+02
3.418401962219915546e+00
4.965465514716615125e+00
5.809344706399159897e+00
6.695418802167256267e+00
7.562423780934310003e+00
8.454028554693216790e+00
9.330858251574174034e+00
1.022542568458044165e+01
1.110776072631422728e+01
1.200426826768195276e+01
4.093035290672245807e+00
1.082023722360530155e-01
5.425114511641480952e+00
1.552791331087977289e+00
6.948247474007944291e+00
2.923268999853563699e+00
8.561296383072150462e+00
4.164828818274981082e+00
1.022408376043344091e+01
3.418401962219915546e+00
3.756686337677591414e+00
3.987830282618314293e+00
4.213221408698226256e+00
4.393324498462463978e+00
4.434203250842005062e+00
4.482991653243542096e+00
4.508552350270901066e+00
4.485519841850917011e+00
4.415669058427259763e+00
3.632498755308261273e+00
4.166454971445311628e+00
4.610062966759397973e+00
5.066302679748099003e+00
5.473686923414850192e+00
5.632377214819161537e+00
5.848336798945678261e+00
6.027861473129301650e+00
6.138860155220401182e+00
6.188245131058745407e+00
1.253371298872458439e+01
7.324848879777421828e+00
9.476443403133707477e+00
2.151585297993847679e+00
4.036762190657476879e+00
3.373262410308948578e+00
3.450261714745921040e+02
9.164243608141764241e+01
1.610553961048468707e+00
3.357546346463600173e+00
8.203393615463458133e+00
4.194687509152188909e+00
4.740762337091846135e+00
2.609702242788100193e+03
4.081035416137053107e+04
1.539185825157431076e+00
4.682562600673580988e+00
2.630209401083613940e+01
8.645650900571121289e-01
1.459053203983024218e+02
3.190557036169278771e+00
1.690189193146875990e+00
5.161873319666160853e+01
3.925839800849325045e-01
5.322733928832926731e-01
8.120768780202103354e-01
1.610553961048468707e+00
3.427596866305449019e+00
4.398513545174973061e+00
4.832701713281601030e+00
4.931812710499345442e+00
4.944592180407084925e+00
9.164243608141764241e+01
1.989363581783560733e+02
2.615188441938788060e+02
2.901570669204861019e+02
2.975766872162841423e+02
2.992320177185535499e+02
2.883949333723832553e-01
6.089174110411468277e-01
7.764958266217611982e-01
8.509531410162545217e-01
8.673665251134837773e-01
8.688408258895872205e-01
4.072962512813006697e+00
2.255919021818720172e+00
1.284987992385411726e+00
8.449080392443978349e-01
7.434893835114937399e-01
7.272515741689823399e-01
7.436828232537698868e-01
8.150032215551357151e-01
8.307326109240033007e-01
8.320941572704663169e-01
1.263109764972917901e+02
1.919597862058864024e+01
6.246286425538131182e-01
4.071145555718275411e+00
2.465378825596727275e+00
9.690774637575112760e-02
4.878184360814188381e+00
3.839195416605642208e+01
1.249241763069260047e+00
1.456131307658511886e+01
4.240936154634641575e+00
4.086576072631424722e+03
5.446749158002636371e+00
1.837441123151263014e+02
1.255077052277049887e+02
2.919765705081263651e-01
2.346483950798054607e+00
1.984098316005262745e+02
5.609888270610627004e+00
7.087901156831168947e+00
1.937904280275283782e+02
5.525613999121392617e+00
2.843638551764525459e+02
3.968196585151546856e+02
1.121977610191825825e+01
3.721733621320851171e+01
1.016611612241905682e+01
1.475044311026506882e+01
1.988179220969394834e+01
2.475211114365213660e+01
2.974715346317180931e+01
3.523741606677405798e+03
4.133662761751349279e+00
6.062197979206381149e+00
6.548689412798360365e+01
2.126228583980101394e+00
5.704997657050794757e+00
5.278539903353326679e+00
2.077740518377520218e-01
5.231089471372084354e+00
4.498234690291410942e+01
1.462475618685008527e+00
3.023603016547071931e+01
6.739679162395645129e+00
5.309327427148871514e+00
6.688491433592063551e+00
8.144272367843013782e+00
9.644224483819012761e+00
1.117372821789426496e+01
9.456806267389084031e-01
7.699353082442482332e+01
3.263687157709766495e+01
9.967474007907476397e-01
2.808680719871140354e+02
2.368166202957972200e+00
8.881544442817434160e+00
2.901560989896034282e-01
3.045294625860291760e+00
1.000000000000000000e+00
3.985854444281816678e-02
1.992289061355968061e+00
1.776308024600962554e+01
5.803064870405635345e-01
5.150997071313527798e+00
3.562928393615468092e+00
2.582318641089479616e+00
1.952423488065601481e-02
2.271545467857661649e+00
9.181534631717647166e-02
2.090188900278227901e+00
5.854967022990168601e+01
1.500796602723679651e-01
3.718519841850935759e+00
8.241292136476825902e+00
2.596892663640358312e-01
7.153832433738485008e+01
3.764779762776396588e+00
1.912566759408399975e+01
6.226728657197253547e-01
4.067002196514847512e+00
4.088196368428760330e+00
1.565926197100603878e-01
5.956175721189030270e+00
3.825133665251137671e+01
1.245335188168102736e+00
1.446590027822521485e+01
4.851977888417045470e+00
4.200530238687946394e+00
4.531668179821358500e+00
6.196449260506654788e+00
7.293952701713265263e+00
8.703080978181292338e+00
3.354586553082432602e+03
4.072300336798956089e+00
1.487065504466245329e+02
1.722921774784009870e+02
4.119240005857373044e-01
1.806809196075594495e-02
3.390422316591009899e+00
8.498461707424249667e+00
3.194720096646638012e+02
1.608599534338848400e+02
4.503827353931773025e+00
6.792766583687231297e+00
1.569486465075414401e+02
4.428636403573003477e+00
2.318274321276915941e+02
3.213234129447952796e+02
8.992649436227875270e+00
3.150898198857807486e+01
1.082814321276915903e+00
9.707636403573005168e+00
1.403847430077612657e+01
1.895234089910672992e+01
2.357873963977161935e+01
2.834640796602728230e+01
3.354078952115978154e+03
4.071046712549422963e+00
1.486701635671404347e+02
1.726450246009671616e+02
4.124580465661158990e-01
1.811553668179855317e-02
3.395961487772724219e+00
8.497789573876122660e+00
3.193798052423497325e+02
1.608240872748576464e+02
4.502543857080089751e+00
6.792380875677258345e+00
1.569075003660855714e+02
4.427144091375020629e+00
2.317843499780342995e+02
3.212483515888120564e+02
8.989919753990335494e+00
3.147836154634644501e+01
1.088234148484415131e+00
9.706878752379566322e+00
1.403701771855325120e+01
1.895062542099865510e+01
2.357644223165901565e+01
2.834372689998543393e+01
4.889255331966640370e+03
5.798880216722796632e+00
2.140982202372234724e+02
1.139187807878164023e+02
9.161652364914329993e+00
4.739650475911537342e+02
2.330326447503282168e+02
6.474213940547686619e+00
7.271232244838181202e+00
2.273640065895443172e+02
6.368677258749439574e+00
3.359359408405321119e+02
4.687548652804224503e+02
1.303664065016838691e+01
4.087408932493794111e+01
-1.995618392151123244e+00
1.042190364621465726e+01
1.509931293015082687e+01
2.037564548250118435e+01
2.534955322887674356e+01
3.048095563039970912e+01
3.391198656611515617e+03
4.134651632742717631e+00
1.506671765997945158e+02
1.629705081271050062e+02
8.533065016839952222e+00
3.241670533020943026e+02
1.628490717528186451e+02
4.569058720164005827e+00
6.813039683701836324e+00
1.590046091667888106e+02
4.498202665104699349e+00
2.343587651193440706e+02
3.255119734953874513e+02
9.131439449406899556e+00
3.270700937179670120e+01
8.503836579294087317e-01
9.747409137501877652e+00
1.410402035437103230e+01
1.903539961927075908e+01
2.368516224923117619e+01
7.226952892077903812e+01
1.796798945672868630e-01
3.574289500658955454e+00
8.784539756919052422e+00
2.691515595255504212e-01
7.617763751647393633e+01
4.293726167813734840e+00
5.211724132376640028e+01
4.346186396251273720e+01
1.425316151705958045e+00
5.156863083906875644e+00
4.224503734075242711e+00
1.678087567725883023e-01
5.913440913750202199e+00
4.540598037780044649e+01
1.487059452335627308e+00
2.010873495387312104e+01
5.765268999853573106e+00
3.482472250695555438e+00
4.774020061502421086e+00
5.774217454971451779e+00
7.031617074242196175e+00
8.255794699077432242e+00
9.552095621613700516e+00
6.558352115975984020e+01
1.621711817249967269e-01
3.351580026358180753e+00
9.333001317908943051e+00
2.862363449992663678e-01
8.116424076731595960e+01
4.164268999853559805e+00
4.917665353638881243e+01
3.864857182603581265e+01
1.263092985795869483e+00
4.997525699223882789e+00
4.220629960462720653e+00
1.657427148923709403e-01
6.022301801142166511e+00
4.600501098257415578e+01
1.500055937911849879e+00
1.866024513105875116e+01
5.762460243080963274e+00
3.270141748425830386e+00
4.670527456435775271e+00
5.583332113047315026e+00
6.866267535510300668e+00
8.043384975838312911e+00
9.327089178503422673e+00
7.015332230194751162e+01
1.725463464636108890e-01
3.497208229609030994e+00
8.864793820471515318e+00
7.694760787816692016e+01
4.216113925904247495e+00
5.056141689852119470e+01
4.162586088739202239e+01
1.357719871137791579e+00
5.103329770098097740e+00
3.851476790159627406e+00
1.521457021525846887e-01
5.562206033094152069e+00
4.430284844047452708e+01
1.444765558646943227e+00
1.962910484697613711e+01
5.512876702299027265e+00
3.422130765851506329e+00
4.695073217162111234e+00
5.624761604920189839e+00
6.832127983599346699e+00
7.986339288329177499e+00
9.218213940547673957e+00
3.649474154341784349e+00
4.012202079367414242e+00
4.086933958119794319e+00
4.045724117733191072e+00
3.938382340020498251e+00
3.798545174989030659e+00
3.615344413530533263e+00
3.380585737296829762e+00
3.545568165177911624e+00
3.934349685166206978e+00
4.087262263874660739e+00
4.078526138526884282e+00
3.996127104993421941e+00
3.887198857812263597e+00
3.737649289793525398e+00
3.535680919607540496e+00
4.142245131058706065e+00
4.741746082881809876e+00
5.028520134719558499e+00
5.144997510616473591e+00
5.103176746229327598e+00
4.998235759261949518e+00
4.861336213208383938e+00
4.688471518523926740e+00
1.238561341338411381e+01
2.399723151266670129e+01
3.430968048030467799e+01
4.219513706252745777e+01
4.082751808463913079e+01
3.952967315858846575e+01
3.822566071167086221e+01
3.630689281007457225e+01
5.653215258456611103e+00
9.653557036169276628e+00
1.271772265339000718e+01
1.432718231073370063e+01
1.414008829989751170e+01
1.357205110557915084e+01
1.294165573290378113e+01
1.211682135012446260e+01
8.270751208083212402e-01
1.348676087274858659e+00
1.643902474740079667e+00
1.762709327866446518e+00
1.727070581344266609e+00
1.659821642993118740e+00
1.568144969980958647e+00
1.446324205593795265e+00
3.834031336945383645e-02
5.317747840093716566e-02
-5.520910821496539250e-02
-3.549319080392442788e-02
-1.787904524820619831e-02
-3.173202518670388550e-02
-4.060784887977750973e-02
-1.214306633474887022e-02
-1.865924732757362134e-02
3.161341338409714985e-02
-6.053580319226844336e-02
-4.483950798067067728e-02
-7.110704349099421055e-03
-1.926182457167959980e-02
-2.880743886366966822e-02
-8.679455264313936172e-03
-8.793761897788857085e-02
3.641294479425992436e-02
-4.987201640064419655e-02
-4.761941719138957502e-02
-1.100571093864403070e-02
-1.024469175574754982e-02
-2.283335773905410468e-02
-6.679748132962359114e-03
7.776626153170285161e-01
8.047214819153583054e-01
9.622899399619273542e-01
9.661197832772003835e-01
9.501114365207210533e-01
9.748428759701279755e-01
9.988586908771454054e-01
9.727364182164328632e-01
1.092273392883291505e+00
9.575040269439163421e-01
1.022442085224774866e+00
9.734699077463735417e-01
9.195599648557606365e-01
9.338682091082183279e-01
9.360005857372961646e-01
8.983201054327176749e-01
1.274341045541073525e+00
1.056866891199292668e+00
1.068741543417778939e+00
1.006882266803337700e+00
9.459689559232727918e-01
9.413069263435361878e-01
9.334716649582665005e-01
8.896771123151271388e-01
7.280787816664226142e+00
4.112256260067383096e+00
2.688030751208095648e+00
2.118076145848568625e+00
1.266203543710644253e+00
8.454924586323053770e-01
5.914608288182719997e-01
4.008412651925611914e-01
2.789901889002776580e-01
1.979112607995310580e-01
2.235627471079215667e-01
8.721994435495718234e-02
5.339654414994885606e-02
4.365587933811653637e-02
2.741660565236507877e-02
1.906238102211201338e-02
1.428217894274457292e-02
1.064870405623108418e-02
7.936886806267544683e-03
5.929418655732996216e-03
4.931320837604330487e-01
4.341546492897944809e+00
3.926340752672424106e+00
3.686522770537424165e+00
3.460709620735115788e+00
3.263675940840544243e+00
3.087764387172371450e+00
2.909339874066511289e+00
2.752836872162857773e+00
4.388155366817977132e+00
3.886327573583252093e+00
3.594597598477093925e+00
3.367908185678724742e+00
3.153725289207802263e+00
2.979095475179399433e+00
2.813740957680493260e+00
2.665221115829560894e+00
4.074830282618232324e+00
3.889347635085651955e+00
3.718129447942590815e+00
3.537670083467552296e+00
3.370054034265601128e+00
3.221963537853225645e+00
3.083110118611752881e+00
2.951794991946070645e+00
2.043848147605798804e+00
1.926313955191103711e+00
1.792632010543275367e+00
1.647396837018590077e+00
1.515487626299609980e+00
1.397592033972762771e+00
1.277168399472835114e+00
1.167729242934538059e+00
2.054466979059892839e+00
1.935879045248204200e+00
1.803672572851074740e+00
1.655903206911705006e+00
1.517082735393171511e+00
1.390839507980665912e+00
1.267368575194018909e+00
1.150748718699656337e+00
1.912451749890182295e+00
1.752646361107044637e+00
1.574646507541368035e+00
1.390672133548100931e+00
1.227161517059593976e+00
1.084387904524819701e+00
9.500743886366966873e-01
8.322875970127417977e-01
2.111912285839778392e+01
3.223600248938365098e+01
9.106423854151638864e+01
9.849079455264332239e+01
3.559182588958845628e+01
1.352448894420838243e+01
2.798365321423345904e+02
9.848878459510874706e+00
2.436080011714740863e+02
1.237563679894574165e+02
4.135589032069076154e+01
1.241736711085084238e-01
5.680985971591766059e+01
7.672331571240270875e+01
2.757791140723345436e+01
1.175643578854890237e+01
2.817357468150536874e+02
1.530052104261243073e+02
1.252892792502571666e+02
1.923953580319255963e+01
2.904312490847853478e+00
2.817357468150536874e+02
1.686124949480153816e+02
1.300656431395521793e+02
1.760179967784446742e+00
2.822005501537562395e+02
1.183426185385854978e+02
4.446736886806351663e+01
1.187427690730713969e+01
1.186935113486611755e+02
6.595750768780083817e+00
2.883315262849604323e+02
1.620167119636837185e+02
1.296008362864256753e+02
2.224982135012441908e+00
9.125445160345600826e+00
1.108261180260655436e+02
4.123034880656014138e+02
4.991901464343317230e+01
1.189648996924870472e+00
2.826010615024158596e+02
3.945273846829694975e+01
7.721273627178230470e+01
1.737777507687754408e+01
1.582552296090194659e+02
9.550636491433600384e+01
9.969730121540321122e+00
5.029306047737642338e+00
7.827801537560519307e+01
1.364751105579129273e+02
7.769752364914241127e+01
9.743541323766291384e+01
2.137434470639938056e+01
1.033718156391861669e+02
1.531010959144813910e+02
1.474309488944195046e+01
4.823526138526924023e-01
3.460538951530232765e+01
6.097974813296245244e-01
1.947543564211451184e+01
6.314946551471647407e-01
1.465522038365793023e+01
4.872388343827773194e-01
3.413065602577243851e+01
1.118743447063984986e+00
3.285229272221407371e+01
9.807648264753223710e-01
7.970452189193095727e+00
2.582912578708443929e-01
2.906298696734526743e+01
8.770364621467306998e-01
6.531881241763081825e+00
2.145563039976574327e-01
1.887037633621326260e-01
3.143277200175726982e-01
3.236828232537708461e-02
3.318676380143490423e+00
1.235555718260361174e-01
5.310951383804361825e+00
4.906744516034524395e+01
1.491761019182901382e+00
1.205103543710647962e+01
4.370884463318203128e-01
1.948185781227117275e+01
1.459348188607413022e+02
4.399005418069998896e+00
4.133832625567422703e+00
1.535626006735985039e-01
6.984287889881430011e+00
6.009851588812421852e+01
1.834797334895297061e+00
2.011443696002345405e+00
7.208844633181994699e-02
3.611274857226478119e+00
1.139825230634065889e+01
3.447447649729097896e-01
3.195697320251868145e+00
1.188116854590719751e-01
5.174490847854760212e+00
4.696870918143224571e+01
1.426245277493043861e+00
7.060649436227851794e+00
2.626283496851659072e-01
6.701352174549716878e+00
5.175770288475604985e+01
1.573631131937333727e+00
4.569489529945802708e+00
1.718657197247035751e-01
5.497789720310436223e+00
4.975489266364030527e+01
1.513543271342808749e+00
4.012653829257587290e+00
1.501416019915068345e-01
5.977966905842722944e+00
5.161694259774497340e+01
1.569996046273247403e+00
4.280006589544579576e+00
1.604776687655577738e-01
5.339174403280122050e+00
4.912074388636699496e+01
1.493715185239425480e+00
2.003870200615017438e+01
1.607240489090640523e+01
1.164633972763213521e+01
5.439376189778840853e+00
1.831765133987412852e+01
1.337956509005714523e+01
2.232946536828232098e+01
2.673531908039240790e+01
2.048326797481326977e+01
1.679534617074239478e+01
2.003870200615017438e+01
1.607240489090640523e+01
2.003870200615017438e+01
1.607240489090640523e+01
2.003870200615017438e+01
1.607240489090640523e+01
2.003870200615017438e+01
1.607240489090640523e+01
4.436177331966648651e+00
4.183541514131026595e+00
6.095450578415584353e+00
6.630818714306704109e+00
8.074418362864237864e+00
8.949415873480733197e+00
1.022660799531410092e+01
1.125180904964123840e+01
1.247063391418952882e+01
1.356279982427878572e+01
1.476418787523794229e+01
1.588684682969684125e+01
1.708598594230480927e+01
1.822288007028843992e+01
6.674496851662035546e+00
7.770365353638932326e+00
1.084840562307804390e+01
1.274645687509156033e+01
1.541181549275152740e+01
1.761526006735982719e+01
2.015540518377512669e+01
2.247982618245716324e+01
2.498242802752956138e+01
2.735539068677686814e+01
2.985015097378829196e+01
3.224218187143079462e+01
3.473936022843765414e+01
3.713789456728665073e+01
4.850363889295630671e+00
4.741550153755990316e+00
6.952337091814303704e+00
7.622118172499642519e+00
9.371609606091658051e+00
1.038753126372824198e+01
1.195934338849026268e+01
1.314206164885049688e+01
1.463790745350712363e+01
1.590470024893834022e+01
1.736715565968664876e+01
1.867782442524521613e+01
2.012607365646509194e+01
2.146015639185823076e+01
2.500891345731440563e+00
1.550800117147465240e+00
3.384002489383505452e+00
2.665559671987103751e+00
4.480938644018174877e+00
3.724296529506477604e+00
5.659923268414108755e+00
4.767238395079782087e+00
6.876661004539418975e+00
5.806902474740079256e+00
8.113520866891215988e+00
6.847991067506169927e+00
9.362115975984774963e+00
7.891783277200194568e+00
4.352605652364935018e+00
4.052182017865010089e+00
5.935572997510599080e+00
6.421676526577835276e+00
7.838809342509909683e+00
8.666926489969229763e+00
9.914779323473432271e+00
1.089607863523213283e+01
1.208223473422169825e+01
1.313303031190515391e+01
1.429913281593199059e+01
1.538222931615164235e+01
1.654426636403575657e+01
1.764283174696149104e+01
5.829214965587928177e+00
7.420470639918007372e+00
9.119613413384088929e+00
1.088280890320690375e+01
1.268751281300336942e+01
1.452102416166345655e+01
1.637551193439744068e+01
1.824585693366527650e+01
2.012850871284226173e+01
2.202089939961926390e+01
2.392115624542391217e+01
2.582781754283210418e+01
2.773977229462586180e+01
2.965612490847869864e+01
4.895601698638189170e+00
6.102044076731607092e+00
7.421370771708893699e+00
8.774278957387613431e+00
1.015994830868353915e+01
1.156791228583979247e+01
1.299363406062382786e+01
3.318676380143490423e+00
2.937789427441779733e+00
2.609934690291403125e+00
2.317768926636413873e+00
2.038716942451313408e+00
1.776548835847123753e+00
1.511720603309416378e+00
1.265826475325818379e+00
1.024187435934980961e+00
7.960622345877843564e-01
5.790855176453356679e-01
3.782258017279232498e-01
1.936774051837759358e-01
1.395738761165573119e-02
-1.521984185092984665e-01
1.205103543710647962e+01
9.820141309122902840e+00
8.242798506369890532e+00
7.032930004393020518e+00
5.982945965734372429e+00
5.070059745204274826e+00
4.212061648850480289e+00
3.452985649436218107e+00
2.723347927954314240e+00
2.069334016693512357e+00
1.474913310880069828e+00
9.285599648557693042e-01
4.418995460535931619e-01
-3.622375164738556030e-02
-4.789089178503447286e-01
4.133832625567422703e+00
3.635733489529950457e+00
3.190328598623506373e+00
2.817932640210859763e+00
2.480685166202961422e+00
3.318676380143490423e+00
2.937789427441779733e+00
2.609934690291403125e+00
2.317768926636413873e+00
2.038716942451313408e+00
1.776548835847123753e+00
1.511720603309416378e+00
1.265826475325818379e+00
1.024187435934980961e+00
7.960622345877843564e-01
5.790855176453356679e-01
3.782258017279232498e-01
1.936774051837759358e-01
1.395738761165573119e-02
-1.521984185092984665e-01
1.205103543710647962e+01
9.820141309122902840e+00
8.242798506369890532e+00
7.032930004393020518e+00
5.982945965734372429e+00
5.070059745204274826e+00
4.212061648850480289e+00
3.452985649436218107e+00
2.723347927954314240e+00
2.069334016693512357e+00
1.474913310880069828e+00
9.285599648557693042e-01
4.418995460535931619e-01
-3.622375164738556030e-02
-4.789089178503447286e-01
4.133832625567422703e+00
3.635733489529950457e+00
3.190328598623506373e+00
2.817932640210859763e+00
2.480685166202961422e+00
2.169056377214826359e+00
1.856272514277346852e+00
1.562548835847126671e+00
1.262813589105288070e+00
9.837028847561856137e-01
7.172451310587233397e-01
4.692029579733493216e-01
2.403662322448376631e-01
1.627236784302292516e-02
-1.862767608727483593e-01
2.011443696002345405e+00
1.279012886220521894e+00
8.032505491287172950e-01
5.226198564943670410e-01
3.239894567286535909e-01
2.074352028115371005e-01
1.298944208522478383e-01
8.526197100600386991e-02
4.935671401376492962e-02
3.291111436520726546e-02
1.673934690291399574e-02
-1.077903060477383365e-03
-1.239507980670670299e-02
-3.025157416898523882e-02
-4.150226973202526121e-02
3.195697320251868145e+00
2.822846683262548062e+00
2.501205447356856570e+00
2.218162395665556286e+00
1.946949040855172397e+00
1.697308390686778301e+00
1.444657050812711674e+00
1.209731000146435642e+00
9.807999707131375144e-01
7.645400497876730928e-01
5.577580904964112296e-01
3.659610484697611299e-01
1.885842729535804341e-01
1.640825889588493416e-02
-1.420404158734806521e-01
7.060649436227851794e+00
6.377944794259814643e+00
5.864560697027389580e+00
5.435411919753984300e+00
5.041159906282057790e+00
4.688753404598027252e+00
4.354596280568178379e+00
4.052481768926653238e+00
3.759111582955042774e+00
3.489647679015974724e+00
3.245938204715185460e+00
3.023353492458646041e+00
2.815495533753107349e+00
2.623850783423639754e+00
2.443772441060190648e+00
4.569489529945802708e+00
4.205447649729078918e+00
3.876613120515445043e+00
3.586147312930147546e+00
3.313592619710077347e+00
3.057610045394643539e+00
2.796307804949489828e+00
2.551235173524674327e+00
2.302811099721778554e+00
2.061212329770099938e+00
1.830369600234300620e+00
1.614848294040125642e+00
1.409475179382043253e+00
1.211735978913458078e+00
1.025258163713573589e+00
4.012653829257587290e+00
3.528307804949505133e+00
3.164080978181291748e+00
2.849231659100894820e+00
2.541002782252165915e+00
2.251209254649291669e+00
1.964954751793827281e+00
1.704546346463608808e+00
1.449016839947286028e+00
1.214485429784750048e+00
9.931588812417679879e-01
7.899969248791949283e-01
6.003303558354097236e-01
4.214690291404324940e-01
2.529494801581496644e-01
4.280006589544579576e+00
3.900135891052832093e+00
3.571233562747100354e+00
3.277681944647819368e+00
2.997163127837171093e+00
2.734890027822522107e+00
2.467764533606692900e+00
2.219764533606669588e+00
1.975210426123875429e+00
1.740120076145851957e+00
1.515366232244842681e+00
1.305826768194472853e+00
1.108017572118908944e+00
9.179600234294940098e-01
7.396119490408569197e-01
1.786205886659833153e+00
4.087714160199150903e+00
8.963244984624395562e-01
2.449846243959584169e-01
2.553082442524527540e+00
6.917557475472250195e-01
2.038365792941865540e-01
9.365353638892957022e+00
4.201640064431102495e+00
3.073510030751207989e+00
1.422609459657343756e+00
3.939083321130473075e-02
5.920339727632156768e-01
2.892077903060477628e-01
2.928686484111875919e-04
9.518231073363596709e-03
3.206911700102504231e-02
0.000000000000000000e+00
0.000000000000000000e+00
0.000000000000000000e+00
0.000000000000000000e+00
0.000000000000000000e+00
0.000000000000000000e+00
0.000000000000000000e+00
2.928686484111875919e-04
2.211158295504466187e-01
2.665104700541806940e-02
1.875823693073656595e-01
2.855469322009078839e-02
3.104407673158588246e-02
1.259335188168106585e-02
2.792502562600673865e-01
9.020354371064577548e-02
1.525845658222287349e-01
3.514423780934251146e-02
3.602284375457607407e-02
1.449699809635378485e-02
0.000000000000000000e+00
0.000000000000000000e+00
0.000000000000000000e+00
0.000000000000000000e+00
0.000000000000000000e+00
0.000000000000000000e+00
1.903646214672719212e-03
5.857372968223751837e-04
0.000000000000000000e+00
0.000000000000000000e+00
4.100161077756626395e-03
1.610777566261531674e-03
1.180260653097085916e-01
7.775662615317030513e-02
7.058134426709621045e-02
6.589544589251720465e-03
4.012300483233269960e-02
3.353346024308098000e-02
7.907453507102065252e-03
1.083613999121394063e-02
2.196514863083906966e-03
9.664665397569190478e-03
1.530238687948455023e-01
7.453507102064724221e-02
1.295943769219504993e-01
9.796456289354224523e-02
2.713428027529652953e-01
1.049934104554107461e-01
1.215404890906428455e-02
3.660858105139844654e-03
1.405769512373700354e-02
2.050080538878313111e-02
3.953726753551032452e-02
2.547957241177331925e-02
1.230048323326987832e-02
4.393029726167813607e-04
1.903646214672719212e-03
0.000000000000000000e+00
4.393029726167813607e-04
1.464343242055937959e-04
1.025040269439156599e-03
1.786498755308244327e-02
4.217308537121101236e-02
1.332552350270903470e-02
1.064870405623077998e+00
1.872895006589544720e-01
1.377946990774637503e-01
4.250988431688387803e-01
9.210718992531849447e-02
3.908332113047298106e-01
4.275882266803338605e-01
0.000000000000000000e+00
0.000000000000000000e+00
7.321716210279689526e-04
3.309415727046419869e-02
3.075120808317469579e-03
0.000000000000000000e+00
8.405330209401083719e-02
6.296675940840532927e-03
5.271635671401376545e-03
2.372236052130619402e-02
0.000000000000000000e+00
2.928686484111875919e-04
2.591887538439010055e-02
1.683994728364328688e-02
0.000000000000000000e+00
1.200761458485869078e-02
8.346756479718846558e-03
6.574901156831161608e-02
1.464343242055937959e-04
2.899399619270756970e-02
1.025040269439156599e-03
1.376482647532581600e-02
2.928686484111875919e-04
1.859715917411041211e-02
2.489383511495094504e-03
5.857372968223751837e-04
8.786059452335627214e-04
1.171474593644750367e-03
1.464343242055937959e-04
3.807292429345438423e-03
7.028847561868501771e-03
7.321716210279689526e-04
6.823839507980671015e-02
3.826328891492165596e-01
3.075120808317469492e-02
9.664665397569190478e-03
9.664665397569190478e-03
2.196514863083906966e-03
9.811099721774784246e-03
0.000000000000000000e+00
7.175281886074095540e-03
3.953726753551032626e-03
0.000000000000000000e+00
2.782252159906281955e-02
8.624981695709474372e-02
4.378386293747254382e-02
1.610777566261531674e-03
7.790306047737589890e-02
4.949480158149070080e-02
8.493190803924439980e-02
1.918289647093278719e-02
2.782252159906281955e-02
6.296675940840532927e-03
1.215404890906428455e-02
3.060477375896910116e-02
1.171474593644750367e-03
2.342949187289500648e-02
1.757211890467125504e-01
6.589544589251720465e-03
8.712842290232830633e-02
1.596134133840972427e-02
3.221555132523063348e-03
3.221555132523063348e-03
2.802020793674037336e+00
7.676526577829843490e+00
1.522916971738175418e+00
2.597452042758822799e+00
6.694977302679747666e-01
2.449846243959584169e-01
6.390393908332112627e-01
2.044076731585883877e+00
3.646214672719285538e-02
1.449406940986967429e+00
1.594669790598916281e-01
3.807292429345438423e-03
2.268267681944647896e-01
4.085517645336066844e-02
7.219212183335774191e-02
7.175281886074095540e-03
3.602284375457607407e-02
4.647825450285547055e-01
2.892077903060477628e-01
4.759115536681798181e-02
1.272514277346609990e-01
1.186118026065309701e-02
9.371796749158002940e-03
3.236198564943622985e-02
1.464343242055937959e-04
4.632889149216576463e+00
1.716649582662175932e+00
1.522331234441353098e+00
2.899399619270757178e-01
3.066334748865133797e-01
1.628349685166202987e-01
3.778005564504319930e-02
3.162981402840826101e-02
5.286279103821935749e-02
1.180260653097085916e-01
2.728071459950212607e-01
2.782252159906281955e-02
7.907453507102065252e-03
7.614584858690876847e-03
1.319373261092399996e-01
1.016254209986820894e-01
1.298872455703616868e+00
1.837750768780202215e-01
5.256992238980816995e-02
1.006003807292429331e-01
3.953726753551032452e-02
5.402694391565383114e+00
1.262483526138526813e+01
4.073802899399619482e-01
4.117733196661297335e-01
2.858398008493190812e+00
1.115829550446624685e+00
3.315858837311465912e+00
5.302386879484550786e-01
6.648118318933958493e-02
2.342949187289500735e-03
8.264753258163713978e-01
4.564357885488358746e-01
1.917850344120661799e+00
4.590716063845365347e-01
7.730267974813296306e-01
4.803045833943476312e-02
1.036755015375604022e-01
2.635817835700688273e-03
5.857372968223751837e-04
0.000000000000000000e+00
1.530238687948455023e-01
1.569775955483965479e-01
2.952115975984770935e-01
8.786059452335627518e-02
8.068531263728218050e-02
9.723239127251427638e-02
8.471225655293600498e-01
2.950651632742715136e-01
1.723531995899838798e-01
6.916093132230194396e-01
1.932933079513838096e-02
5.418069995606970314e-03
1.552203836579294123e-02
2.899399619270756970e-02
2.064723971298872487e-02
2.782252159906281955e-02
2.085224776687655546e-01
1.622492312197979236e-01
2.255088592766144387e-02
1.830429052569922457e-02
4.832332698784595239e-03
3.367989456728657117e-03
1.729389368868062549e-01
6.472397129887245970e-02
1.903646214672719212e-03
0.000000000000000000e+00
1.464343242055937959e-04
1.625420998682091181e-02
3.221555132523063348e-03
0.000000000000000000e+00
0.000000000000000000e+00
0.000000000000000000e+00
3.031190511055791362e-02
1.464343242055937959e-04
0.000000000000000000e+00
2.665104700541806940e-02
2.342949187289500735e-03
4.393029726167813607e-04
5.418069995606970314e-03
1.730853712110118625e-01
9.957534045980378015e-03
6.735978913457314234e-03
1.519988285254063598e-01
2.635817835700688273e-03
4.246595401962220163e-03
0.000000000000000000e+00
1.317908917850344136e-03
3.382632889149216754e-02
1.464343242055937959e-04
1.025040269439156599e-03
1.464343242055937862e-02
3.962257870844939855e+00
1.403403133694538785e-01
2.896456289354226943e+00
5.193615463464635457e-02
9.070265046126820829e-01
8.994072631424794295e+00
-1.457954166056525391e+00
1.618538585444428274e-03
1.643155659686631465e-01
-7.500856640796630392e-01
1.770052569922381913e+00
3.737684873334316538e-01
-8.396576365500058037e-01
1.652069995606971098e+00
2.128835847122563685e+00
7.588753843901008267e-02
1.280128862205299312e+00
5.629789134573152110e-01
2.914250695563045390e+00
3.338097818128568650e-01
2.044808903206911561e-03
3.932933079513837790e-03
1.756626153170303111e-03
2.656904378386293949e-03
1.547532581637135231e-02
-1.770434909942891072e-02
1.233855615756333140e-03
2.537263142480595812e-01
2.800253331380876398e-01
1.228743813149803898e+01
2.390358280861033080e+01
6.572131205154471800e+00
2.363839507980670385e-01
0.000000000000000000e+00
0.000000000000000000e+00
1.152438131498023015e-04
-2.385741689852100278e-01
0.000000000000000000e+00
0.000000000000000000e+00
1.500336798945673018e-02
5.085459071606385217e-02
1.491222726607115967e-01
8.804759115536683889e-02
-7.246156098989602230e-03
-6.449606091667886565e-01
-1.431541953433884944e-03
5.973410016107768783e+00
1.299550885927662991e+00
6.676658368721628822e-02
6.011685459071607063e-02
0.000000000000000000e+00
0.000000000000000000e+00
0.000000000000000000e+00
0.000000000000000000e+00
0.000000000000000000e+00
-5.345438570800996846e-03
-1.478986674476497282e-03
0.000000000000000000e+00
0.000000000000000000e+00
0.000000000000000000e+00
0.000000000000000000e+00
0.000000000000000000e+00
0.000000000000000000e+00
-8.808024600966467364e-04
0.000000000000000000e+00
-7.298286718406794089e-04
0.000000000000000000e+00
0.000000000000000000e+00
0.000000000000000000e+00
1.029433299165324141e-04
0.000000000000000000e+00
-5.552789573876116581e-04
0.000000000000000000e+00
0.000000000000000000e+00
0.000000000000000000e+00
0.000000000000000000e+00
0.000000000000000000e+00
-1.381607848879777426e-03
0.000000000000000000e+00
0.000000000000000000e+00
0.000000000000000000e+00
0.000000000000000000e+00
0.000000000000000000e+00
0.000000000000000000e+00
0.000000000000000000e+00
-3.070288475618685505e-03
2.161663493922975743e+00
3.616927807878166784e-02
4.678137355396104979e+00
9.371796749158002940e-03
5.397569190218186597e-01
5.131205154488212017e+00
2.282178942744179206e+00
5.857372968223751837e-04
6.794552643139552262e-02
2.096500219651486141e+00
3.747840093717967669e+00
4.817689266364035827e-01
5.920339727632156768e-01
2.965295065163274235e-01
7.728803631571240507e-01
1.025040269439156555e-02
7.002489383511495413e-01
1.396983452921364832e-01
6.864841118758236993e-01
3.675501537560404292e-02
5.857372968223751837e-04
1.903646214672719212e-03
2.928686484111875919e-04
2.050080538878313197e-03
2.064723971298872487e-02
2.342949187289500648e-02
1.610777566261531674e-03
1.461414555571826090e-01
8.947137208961780663e-02
1.252159906282032553e+00
1.965880802460096666e+00
1.188607409576804885e+00
4.378386293747254382e-02
0.000000000000000000e+00
0.000000000000000000e+00
1.171474593644750367e-03
4.993410455410748211e-02
0.000000000000000000e+00
0.000000000000000000e+00
3.807292429345438423e-03
9.957534045980378015e-03
1.067506223458778714e-01
6.399179967784449086e-02
5.564504319812564083e-03
1.531703031190511100e-01
1.464343242055937959e-04
4.417923561282764422e-01
2.146727192854004929e-01
1.991506809196075603e-02
3.045833943476350739e-02
0.000000000000000000e+00
0.000000000000000000e+00
0.000000000000000000e+00
0.000000000000000000e+00
0.000000000000000000e+00
4.246595401962220163e-03
2.928686484111875919e-04
0.000000000000000000e+00
0.000000000000000000e+00
0.000000000000000000e+00
0.000000000000000000e+00
0.000000000000000000e+00
0.000000000000000000e+00
8.786059452335627214e-04
0.000000000000000000e+00
1.464343242055937959e-04
0.000000000000000000e+00
0.000000000000000000e+00
0.000000000000000000e+00
5.857372968223751837e-04
0.000000000000000000e+00
1.464343242055937959e-04
0.000000000000000000e+00
0.000000000000000000e+00
0.000000000000000000e+00
0.000000000000000000e+00
0.000000000000000000e+00
2.928686484111875919e-04
0.000000000000000000e+00
0.000000000000000000e+00
0.000000000000000000e+00
0.000000000000000000e+00
0.000000000000000000e+00
0.000000000000000000e+00
0.000000000000000000e+00
1.757211890467125443e-03
2.429345438570801097e+00
1.098257431541953440e-02
1.162688534192414663e-01
4.990481768926636197e-01
3.652072045687509427e-01
2.934543857080099682e-01
4.400351442378093170e-01
3.078049494801581298e-01
3.244984624395958472e-01
3.477815199882852704e-01
1.255527895738761224e+00
5.359496265924732633e-02
1.580319226826768286e+00
1.634207058134426793e+00
1.424659540196222096e+00
1.454092839361546430e+00
1.495094450139112574e+00
1.123444135305315505e+00
1.250549128715771063e+00
1.184800117147459364e+00
3.015082735393176394e-01
1.903646214672719212e-03
4.202665104700541859e-02
6.648118318933958493e-02
6.091667886952701477e-02
4.817689266364035688e-02
8.302826182457168080e-02
7.409576804803046091e-02
8.624981695709474372e-02
7.145995021232977307e-02
3.660858105139844654e-03
3.521745497144530557e-01
6.574901156831161608e-02
7.072777859130180422e-02
1.026504612681212458e-01
1.057255820764387150e-01
7.277785913018011699e-02
6.443110265046127216e-02
8.009957534045980543e-02
6.472397129887245970e-02
0.000000000000000000e+00
1.464343242055937959e-04
2.337384682969688043e+00
2.867037633621321024e+00
2.662908185678722894e+00
2.581197832772001544e+00
2.464928979352760230e+00
2.266949773026797565e+00
2.085956948308683501e+00
1.855908624981695620e+00
6.370771708888563367e+00
2.296090203543710573e-01
2.245570361692780903e+00
1.898960316298140327e+00
1.965295065163274346e+00
2.429199004246595184e+00
2.075706545614291798e+00
1.810513984477961635e+00
1.853272807145994960e+00
1.553814614145555772e+00
3.426563186410894885e-02
7.761019182896470615e-03
2.132083760433445552e-01
1.585883731146580655e-01
1.897788841704495522e-01
1.591741104114804406e-01
2.050080538878313041e-01
1.309122858398008571e-01
1.692780787816664245e-01
1.711817249963391296e-01
1.146580758529799349e-01
7.579440620881534585e-01
2.449846243959584169e-01
1.502416166349392346e-01
2.832039830136183767e-01
2.457167960169863719e-01
2.145262849611949130e-01
2.299018890027822448e-01
2.225801727925025564e-01
2.088153463171767421e-01
0.000000000000000000e+00
2.928686484111875919e-04
6.216722799824278667e+00
7.395226241030897540e+00
8.307951383804363488e+00
7.524820617952848067e+00
6.822521599062820741e+00
6.543564211451164070e+00
5.819153609606091848e+00
5.042758822668033325e+00
4.147020061502416088e-01
0.000000000000000000e+00
1.449699809635378485e-02
2.928686484111875810e-03
1.142187728803631570e-02
3.221555132523063348e-03
1.083613999121394063e-02
4.539464050373407701e-03
1.244691755747547209e-02
7.468150534485283078e-03
0.000000000000000000e+00
5.564504319812564083e-03
1.273978620588665962e-02
3.807292429345438423e-03
9.225362424952409171e-03
9.371796749158002940e-03
8.932493776541221633e-03
7.028847561868501771e-03
9.371796749158002940e-03
4.832332698784595239e-03
4.393029726167813607e-04
8.786059452335627214e-04
2.673890759994142496e-01
2.414702006150241664e-01
2.728071459950212607e-01
2.357592619710059956e-01
2.555278957387611682e-01
2.419095035876409339e-01
2.272660711670815570e-01
2.196514863083906810e-01
4.712256552936008314e-01
4.100161077756626395e-03
1.244691755747547209e-02
2.972616781373553854e-02
2.152584565822228749e-02
1.068970566700834686e-02
1.713281593205447442e-02
2.006150241616634980e-02
1.610777566261531804e-02
2.181871430663347503e-02
3.016547078635231985e-02
1.404305169131644382e-01
2.814467711231512514e-01
3.160052716356713809e-01
3.148337970420266307e-01
2.975545467857665938e-01
2.774930443696002613e-01
2.738321862644603755e-01
2.804217308537121367e-01
2.842290232830575469e-01
1.271298872455703588e+01
9.214965587933811264e+00
1.130765851515595344e+01
9.635964270024894418e+00
8.187435934983160024e+00
8.038072924293453880e+00
7.838775809049641552e+00
6.792795431249084359e+00
5.875091521452628918e+00
5.170010250402694574e+00
4.748762629960462789e+01
1.181206618831454023e+02
8.882413237662907690e+00
1.101625420998681992e+00
1.360008786059452390e+01
5.080831746961488093e+00
4.801581490701420374e-01
4.707863523209840362e-01
1.487466686191243355e+02
2.011129008639625226e+01
2.152291697173817742e+00
1.307351003075120843e+01
6.419680773173231714e+00
4.750329477229462416e-01
1.456582222873041399e+00
1.551032361985649421e+00
6.604188021672280362e-02
1.108654268560550493e+00
5.261385268706985086e-01
4.173378239859423106e-02
1.757211890467125443e-03
9.532874505784155739e-02
1.686923414848440494e-01
6.325962805681652201e-02
9.078928100746815402e-03
3.514423780934250886e-03
3.097378825596719842e+00
7.299751061648850348e-01
6.530970859569483478e-02
2.738321862644603824e-02
5.355103236198565098e-01
1.669351295943769312e-02
6.369893102943330332e-02
1.991506809196075603e-02
2.635817835700688273e-03
2.815932054473568869e-01
9.960462732464490099e-01
8.308683555425391276e-01
9.096500219651486585e-01
2.319519695416605576e-01
1.317908917850344093e-02
1.924147020061502400e-01
1.514130912285839847e-01
1.683994728364328688e-02
1.186118026065309701e-02
4.246595401962220163e-03
1.317908917850344136e-03
1.025040269439156599e-03
1.218333577390540295e-01
6.618831454092839739e-02
7.072777859130180422e-02
5.564504319812564083e-03
0.000000000000000000e+00
2.928686484111875919e-04
0.000000000000000000e+00
0.000000000000000000e+00
1.464343242055937959e-04
0.000000000000000000e+00
5.857372968223751837e-04
1.610777566261531674e-03
1.241763069263435298e-01
3.558354078195929276e-02
0.000000000000000000e+00
0.000000000000000000e+00
0.000000000000000000e+00
0.000000000000000000e+00
4.246595401962220163e-03
5.857372968223751837e-04
2.196514863083906966e-03
6.003807292429345389e-03
1.903646214672719212e-03
1.464343242055937959e-04
0.000000000000000000e+00
0.000000000000000000e+00
0.000000000000000000e+00
0.000000000000000000e+00
0.000000000000000000e+00
5.857372968223751837e-04
0.000000000000000000e+00
0.000000000000000000e+00
0.000000000000000000e+00
0.000000000000000000e+00
0.000000000000000000e+00
0.000000000000000000e+00
0.000000000000000000e+00
1.464343242055937959e-04
0.000000000000000000e+00
0.000000000000000000e+00
0.000000000000000000e+00
0.000000000000000000e+00
2.928686484111875919e-04
0.000000000000000000e+00
0.000000000000000000e+00
0.000000000000000000e+00
0.000000000000000000e+00
0.000000000000000000e+00
0.000000000000000000e+00
0.000000000000000000e+00
1.464343242055937905e-03
0.000000000000000000e+00
0.000000000000000000e+00
0.000000000000000000e+00
0.000000000000000000e+00
0.000000000000000000e+00
0.000000000000000000e+00
0.000000000000000000e+00
0.000000000000000000e+00
0.000000000000000000e+00
0.000000000000000000e+00
0.000000000000000000e+00
0.000000000000000000e+00
0.000000000000000000e+00
0.000000000000000000e+00
1.464343242055937959e-04
9.950212329770098396e-01
8.302826182457168080e-01
9.216576365500073198e-01
2.287304144091374947e-01
3.250841997364182362e-02
1.843608141748425966e-01
1.490701420412944844e-01
1.640064431102650558e-02
1.186118026065309701e-02
4.393029726167813932e-03
1.317908917850344136e-03
2.196514863083906966e-03
3.482208229609020100e-01
5.202811539024747578e-01
7.922096939522624282e-02
2.342949187289500735e-03
2.489383511495094504e-03
6.589544589251720465e-03
1.171474593644750367e-03
0.000000000000000000e+00
1.757211890467125443e-03
2.928686484111875919e-04
0.000000000000000000e+00
5.309708595694830890e-01
1.303265485429784716e-02
6.150241616634939158e-03
8.639625128130034096e-03
8.786059452335627214e-04
0.000000000000000000e+00
0.000000000000000000e+00
0.000000000000000000e+00
0.000000000000000000e+00
0.000000000000000000e+00
8.786059452335627865e-03
1.464343242055937959e-04
1.757211890467125443e-03
2.635817835700688273e-03
4.393029726167813607e-04
0.000000000000000000e+00
0.000000000000000000e+00
0.000000000000000000e+00
1.464343242055937959e-04
5.564504319812564083e-03
1.464343242055937959e-04
5.857372968223751837e-04
0.000000000000000000e+00
0.000000000000000000e+00
0.000000000000000000e+00
0.000000000000000000e+00
0.000000000000000000e+00
7.468150534485283598e-02
1.464343242055937959e-04
1.464343242055937959e-04
0.000000000000000000e+00
0.000000000000000000e+00
0.000000000000000000e+00
0.000000000000000000e+00
5.710938644018157852e-03
0.000000000000000000e+00
0.000000000000000000e+00
0.000000000000000000e+00
0.000000000000000000e+00
0.000000000000000000e+00
0.000000000000000000e+00
0.000000000000000000e+00
0.000000000000000000e+00
0.000000000000000000e+00
0.000000000000000000e+00
0.000000000000000000e+00
0.000000000000000000e+00
0.000000000000000000e+00
0.000000000000000000e+00
0.000000000000000000e+00
0.000000000000000000e+00
0.000000000000000000e+00
1.464343242055937959e-04
0.000000000000000000e+00
4.393029726167813607e-04
9.923854151413090685e-01
8.156391858251573757e-01
9.169717381754283192e-01
2.279982427881095397e-01
3.089764240738028869e-02
1.823107336359642838e-01
1.439449406940986886e-01
1.522916971738175369e-02
1.142187728803631570e-02
4.393029726167813932e-03
1.317908917850344136e-03
2.050080538878313197e-03
3.445599648557621797e-01
4.639039390833211152e-01
1.017718553228876832e-01
3.807292429345438423e-03
5.008053887831307588e-02
3.192268267681944854e-02
4.685898374579001470e-03
5.564504319812564083e-03
0.000000000000000000e+00
1.464343242055937959e-04
0.000000000000000000e+00
3.051691316444574698e-01
5.374139698345292010e-02
9.371796749158002940e-03
3.250841997364182362e-02
1.859715917411041211e-02
4.393029726167813932e-03
2.489383511495094504e-03
7.321716210279689526e-04
2.928686484111875919e-04
8.786059452335627214e-04
4.832332698784595239e-03
5.857372968223751837e-04
3.807292429345438423e-03
7.761019182896470615e-03
4.393029726167813607e-04
1.464343242055937959e-04
0.000000000000000000e+00
0.000000000000000000e+00
0.000000000000000000e+00
4.393029726167813607e-04
0.000000000000000000e+00
1.464343242055937959e-04
0.000000000000000000e+00
0.000000000000000000e+00
0.000000000000000000e+00
0.000000000000000000e+00
0.000000000000000000e+00
8.639625128130034096e-03
6.150241616634939158e-03
2.928686484111875919e-04
0.000000000000000000e+00
1.464343242055937959e-04
0.000000000000000000e+00
0.000000000000000000e+00
1.025040269439156555e-02
5.857372968223751837e-04
0.000000000000000000e+00
0.000000000000000000e+00
0.000000000000000000e+00
0.000000000000000000e+00
5.857372968223751837e-04
0.000000000000000000e+00
0.000000000000000000e+00
0.000000000000000000e+00
0.000000000000000000e+00
0.000000000000000000e+00
0.000000000000000000e+00
0.000000000000000000e+00
0.000000000000000000e+00
0.000000000000000000e+00
0.000000000000000000e+00
0.000000000000000000e+00
0.000000000000000000e+00
0.000000000000000000e+00
0.000000000000000000e+00
9.835993556889734979e-01
8.099282471811392048e-01
9.223898081710353303e-01
2.278518084639039321e-01
3.016547078635231985e-02
1.896324498462439723e-01
1.483379704202665017e-01
1.596134133840972427e-02
1.156831161224190947e-02
4.393029726167813932e-03
1.025040269439156599e-03
1.903646214672719212e-03
3.035583540781959244e-01
4.475032947722946131e-01
7.658515155952555498e-02
7.468150534485283078e-03
4.788402401522916935e-02
4.656611509737882543e-02
3.807292429345438423e-03
3.075120808317469579e-03
7.321716210279689526e-04
5.857372968223751837e-04
5.857372968223751837e-04
3.567140137648264764e-01
8.712842290232830633e-02
1.522916971738175369e-02
2.811539024747400708e-02
2.899399619270756970e-02
1.757211890467125443e-03
5.271635671401376545e-03
1.903646214672719212e-03
2.928686484111875919e-04
2.928686484111875919e-04
1.405769512373700354e-02
4.393029726167813607e-04
6.589544589251720465e-03
4.685898374579001470e-03
7.321716210279689526e-04
0.000000000000000000e+00
1.464343242055937959e-04
0.000000000000000000e+00
2.928686484111875919e-04
1.464343242055937905e-03
5.857372968223751837e-04
1.610777566261531674e-03
1.464343242055937959e-04
0.000000000000000000e+00
0.000000000000000000e+00
0.000000000000000000e+00
0.000000000000000000e+00
1.845072484990481834e-02
5.125201347195782776e-03
1.464343242055937905e-03
1.464343242055937905e-03
0.000000000000000000e+00
0.000000000000000000e+00
0.000000000000000000e+00
1.903646214672719342e-02
4.393029726167813607e-04
2.928686484111875919e-04
2.928686484111875919e-04
0.000000000000000000e+00
0.000000000000000000e+00
1.171474593644750367e-03
0.000000000000000000e+00
0.000000000000000000e+00
0.000000000000000000e+00
0.000000000000000000e+00
6.589544589251720465e-03
0.000000000000000000e+00
0.000000000000000000e+00
0.000000000000000000e+00
0.000000000000000000e+00
0.000000000000000000e+00
0.000000000000000000e+00
2.928686484111875919e-04
0.000000000000000000e+00
0.000000000000000000e+00
9.644164592180407558e-01
7.993849758383364534e-01
9.010103968370185568e-01
2.132083760433445552e-01
2.899399619270756970e-02
1.793820471518523807e-01
1.279835993556889817e-01
1.259335188168106585e-02
9.518231073363596709e-03
3.367989456728657117e-03
1.171474593644750367e-03
1.464343242055937905e-03
2.515741689852101226e-01
4.554107482793967043e-01
7.145995021232977307e-02
1.098257431541953440e-02
8.024600966466539920e-02
5.330209401083613879e-02
7.468150534485283078e-03
7.468150534485283078e-03
1.464343242055937905e-03
4.393029726167813607e-04
5.857372968223751837e-04
3.776541221262263992e-01
9.181432127690730693e-02
1.449699809635378485e-02
5.213061941719138864e-02
4.539464050373407528e-02
4.685898374579001470e-03
6.003807292429345389e-03
1.464343242055937905e-03
4.393029726167813607e-04
7.321716210279689526e-04
7.614584858690876847e-03
1.171474593644750367e-03
6.296675940840532927e-03
9.371796749158002940e-03
2.928686484111875919e-04
0.000000000000000000e+00
0.000000000000000000e+00
0.000000000000000000e+00
0.000000000000000000e+00
7.321716210279689526e-04
4.393029726167813607e-04
2.928686484111875919e-04
0.000000000000000000e+00
0.000000000000000000e+00
0.000000000000000000e+00
0.000000000000000000e+00
0.000000000000000000e+00
9.225362424952409171e-03
2.489383511495094504e-03
2.928686484111875919e-04
0.000000000000000000e+00
1.464343242055937959e-04
0.000000000000000000e+00
0.000000000000000000e+00
3.367989456728657117e-03
0.000000000000000000e+00
0.000000000000000000e+00
1.464343242055937959e-04
0.000000000000000000e+00
0.000000000000000000e+00
1.464343242055937959e-04
0.000000000000000000e+00
0.000000000000000000e+00
0.000000000000000000e+00
0.000000000000000000e+00
0.000000000000000000e+00
0.000000000000000000e+00
0.000000000000000000e+00
0.000000000000000000e+00
0.000000000000000000e+00
0.000000000000000000e+00
0.000000000000000000e+00
0.000000000000000000e+00
0.000000000000000000e+00
2.928686484111875919e-04
9.469907746375750834e-01
7.683408991067506300e-01
8.635232098403865519e-01
2.026651047005418038e-01
2.811539024747400708e-02
1.719138966173671124e-01
1.366232244838190002e-01
1.478986674476497239e-02
1.127544296383072193e-02
3.514423780934250886e-03
8.786059452335627214e-04
1.171474593644750367e-03
2.470347049348367297e-01
4.368135891052862818e-01
6.516327427148924101e-02
8.493190803924440327e-03
7.028847561868502292e-02
4.978767022990188834e-02
4.100161077756626395e-03
4.100161077756626395e-03
5.857372968223751837e-04
1.464343242055937959e-04
1.464343242055937959e-04
3.559818421437985214e-01
6.413823400205008463e-02
1.186118026065309701e-02
5.315565968663054502e-02
4.334455996485576251e-02
2.928686484111875810e-03
5.271635671401376545e-03
1.025040269439156599e-03
1.464343242055937959e-04
7.321716210279689526e-04
6.443110265046126696e-03
5.857372968223751837e-04
1.127544296383072193e-02
6.735978913457314234e-03
1.464343242055937959e-04
0.000000000000000000e+00
1.464343242055937959e-04
0.000000000000000000e+00
2.928686484111875919e-04
1.464343242055937905e-03
1.025040269439156599e-03
8.786059452335627214e-04
2.928686484111875919e-04
0.000000000000000000e+00
0.000000000000000000e+00
0.000000000000000000e+00
0.000000000000000000e+00
6.882413237662908002e-03
2.196514863083906966e-03
1.464343242055937959e-04
2.928686484111875919e-04
0.000000000000000000e+00
1.464343242055937959e-04
0.000000000000000000e+00
3.807292429345438423e-03
0.000000000000000000e+00
0.000000000000000000e+00
0.000000000000000000e+00
0.000000000000000000e+00
0.000000000000000000e+00
1.464343242055937959e-04
0.000000000000000000e+00
0.000000000000000000e+00
0.000000000000000000e+00
0.000000000000000000e+00
4.393029726167813607e-04
0.000000000000000000e+00
0.000000000000000000e+00
0.000000000000000000e+00
0.000000000000000000e+00
0.000000000000000000e+00
0.000000000000000000e+00
0.000000000000000000e+00
0.000000000000000000e+00
0.000000000000000000e+00
9.187289500658954999e-01
7.230926929272221138e-01
8.352613852687069684e-01
1.834822082296090340e-01
2.533313808756772548e-02
1.758676233709181302e-01
1.313515888124176245e-01
1.405769512373700354e-02
1.098257431541953440e-02
3.075120808317469579e-03
8.786059452335627214e-04
8.786059452335627214e-04
2.135012446917557427e-01
3.819007175281886046e-01
6.897056670083467900e-02
8.200322155513252789e-03
6.897056670083467900e-02
4.729828671840679427e-02
4.246595401962220163e-03
2.635817835700688273e-03
2.928686484111875919e-04
1.464343242055937959e-04
0.000000000000000000e+00
3.092692927222140953e-01
6.179528481476057739e-02
9.371796749158002940e-03
6.062381022111582723e-02
4.202665104700541859e-02
4.393029726167813932e-03
6.296675940840532927e-03
1.317908917850344136e-03
2.928686484111875919e-04
1.025040269439156599e-03
5.271635671401376545e-03
7.321716210279689526e-04
6.735978913457314234e-03
4.246595401962220163e-03
5.857372968223751837e-04
0.000000000000000000e+00
1.464343242055937959e-04
0.000000000000000000e+00
0.000000000000000000e+00
1.025040269439156599e-03
4.393029726167813607e-04
5.857372968223751837e-04
0.000000000000000000e+00
0.000000000000000000e+00
0.000000000000000000e+00
0.000000000000000000e+00
0.000000000000000000e+00
4.539464050373407701e-03
3.075120808317469579e-03
4.393029726167813607e-04
0.000000000000000000e+00
1.464343242055937959e-04
0.000000000000000000e+00
0.000000000000000000e+00
2.782252159906282041e-03
4.393029726167813607e-04
5.857372968223751837e-04
0.000000000000000000e+00
0.000000000000000000e+00
0.000000000000000000e+00
2.928686484111875919e-04
0.000000000000000000e+00
0.000000000000000000e+00
0.000000000000000000e+00
0.000000000000000000e+00
7.321716210279689526e-04
0.000000000000000000e+00
0.000000000000000000e+00
0.000000000000000000e+00
0.000000000000000000e+00
0.000000000000000000e+00
0.000000000000000000e+00
0.000000000000000000e+00
0.000000000000000000e+00
0.000000000000000000e+00
8.604480890320691522e-01
6.684726899985357074e-01
7.898667447649728723e-01
1.742568458046566127e-01
2.489383511495094417e-02
1.682530385122272543e-01
1.231512666569043735e-01
1.332552350270903470e-02
9.225362424952409171e-03
2.782252159906282041e-03
7.321716210279689526e-04
4.393029726167813607e-04
1.862644603895153017e-01
3.369453799970713037e-01
5.344852833504173256e-02
8.932493776541221633e-03
6.018450724849904593e-02
4.026943915653829337e-02
4.832332698784595239e-03
1.025040269439156599e-03
7.321716210279689526e-04
0.000000000000000000e+00
0.000000000000000000e+00
2.811539024747400917e-01
5.418069995606970141e-02
8.932493776541221633e-03
5.022697320251866965e-02
3.616927807878166784e-02
3.367989456728657117e-03
4.100161077756626395e-03
4.393029726167813607e-04
2.928686484111875919e-04
0.000000000000000000e+00
1.244691755747547209e-02
0.000000000000000000e+00
5.857372968223751621e-03
4.539464050373407701e-03
4.393029726167813607e-04
0.000000000000000000e+00
0.000000000000000000e+00
0.000000000000000000e+00
2.928686484111875919e-04
1.464343242055937959e-04
5.857372968223751837e-04
1.464343242055937959e-04
1.464343242055937959e-04
0.000000000000000000e+00
0.000000000000000000e+00
0.000000000000000000e+00
0.000000000000000000e+00
4.978767022990189008e-03
3.953726753551032626e-03
4.393029726167813607e-04
8.786059452335627214e-04
0.000000000000000000e+00
0.000000000000000000e+00
0.000000000000000000e+00
3.514423780934250886e-03
0.000000000000000000e+00
5.857372968223751837e-04
0.000000000000000000e+00
0.000000000000000000e+00
0.000000000000000000e+00
2.928686484111875919e-04
0.000000000000000000e+00
0.000000000000000000e+00
0.000000000000000000e+00
0.000000000000000000e+00
4.393029726167813607e-04
0.000000000000000000e+00
0.000000000000000000e+00
0.000000000000000000e+00
0.000000000000000000e+00
0.000000000000000000e+00
0.000000000000000000e+00
0.000000000000000000e+00
0.000000000000000000e+00
0.000000000000000000e+00
7.960169863816078939e-01
5.778298433152730951e-01
7.166495826621760434e-01
1.496558793381168595e-01
2.108654268560550618e-02
1.588812417630692531e-01
1.090935715331673717e-01
1.259335188168106585e-02
7.321716210279689309e-03
2.196514863083906966e-03
7.321716210279689526e-04
2.928686484111875919e-04
1.833357739054034263e-01
3.199589983892224265e-01
4.100161077756626221e-02
6.150241616634939158e-03
5.813442670962073316e-02
3.426563186410894885e-02
3.953726753551032626e-03
2.489383511495094504e-03
7.321716210279689526e-04
1.464343242055937959e-04
0.000000000000000000e+00
2.473275735832479172e-01
4.510177185532288774e-02
5.564504319812564083e-03
4.612681212476204412e-02
3.148337970420266724e-02
3.367989456728657117e-03
4.393029726167813932e-03
2.928686484111875919e-04
2.928686484111875919e-04
2.928686484111875919e-04
3.807292429345438423e-03
1.464343242055937959e-04
5.564504319812564083e-03
3.660858105139844654e-03
2.928686484111875919e-04
1.464343242055937959e-04
0.000000000000000000e+00
0.000000000000000000e+00
0.000000000000000000e+00
0.000000000000000000e+00
1.171474593644750367e-03
1.464343242055937959e-04
0.000000000000000000e+00
0.000000000000000000e+00
0.000000000000000000e+00
0.000000000000000000e+00
0.000000000000000000e+00
4.978767022990189008e-03
3.367989456728657117e-03
7.321716210279689526e-04
8.786059452335627214e-04
1.464343242055937959e-04
0.000000000000000000e+00
0.000000000000000000e+00
1.025040269439156599e-03
4.393029726167813607e-04
7.321716210279689526e-04
4.393029726167813607e-04
0.000000000000000000e+00
0.000000000000000000e+00
0.000000000000000000e+00
1.464343242055937959e-04
1.464343242055937959e-04
0.000000000000000000e+00
0.000000000000000000e+00
0.000000000000000000e+00
0.000000000000000000e+00
0.000000000000000000e+00
0.000000000000000000e+00
0.000000000000000000e+00
0.000000000000000000e+00
0.000000000000000000e+00
0.000000000000000000e+00
0.000000000000000000e+00
0.000000000000000000e+00
7.235319958998389644e-01
5.116415287743446560e-01
6.567579440620882059e-01
1.222726607116708109e-01
1.640064431102650558e-02
1.521452628496119397e-01
9.620735100307512000e-02
9.664665397569190478e-03
5.710938644018157852e-03
2.050080538878313197e-03
5.857372968223751837e-04
2.928686484111875919e-04
1.429199004246595461e-01
2.470347049348367297e-01
3.763362132083760553e-02
6.882413237662908002e-03
5.213061941719138864e-02
2.342949187289500648e-02
2.782252159906282041e-03
5.857372968223751837e-04
2.928686484111875919e-04
0.000000000000000000e+00
0.000000000000000000e+00
2.411773319666129789e-01
3.909796456289354322e-02
7.468150534485283078e-03
4.656611509737882543e-02
2.635817835700688186e-02
3.953726753551032626e-03
3.075120808317469579e-03
5.857372968223751837e-04
1.464343242055937959e-04
0.000000000000000000e+00
4.246595401962220163e-03
4.393029726167813607e-04
3.807292429345438423e-03
2.196514863083906966e-03
2.928686484111875919e-04
0.000000000000000000e+00
0.000000000000000000e+00
0.000000000000000000e+00
0.000000000000000000e+00
0.000000000000000000e+00
5.857372968223751837e-04
1.464343242055937959e-04
0.000000000000000000e+00
0.000000000000000000e+00
0.000000000000000000e+00
0.000000000000000000e+00
0.000000000000000000e+00
8.786059452335627865e-03
3.514423780934250886e-03
1.464343242055937959e-04
0.000000000000000000e+00
1.464343242055937959e-04
0.000000000000000000e+00
0.000000000000000000e+00
4.393029726167813932e-03
2.928686484111875919e-04
1.464343242055937959e-04
4.393029726167813607e-04
0.000000000000000000e+00
0.000000000000000000e+00
0.000000000000000000e+00
0.000000000000000000e+00
0.000000000000000000e+00
0.000000000000000000e+00
0.000000000000000000e+00
5.857372968223751837e-04
0.000000000000000000e+00
0.000000000000000000e+00
0.000000000000000000e+00
0.000000000000000000e+00
0.000000000000000000e+00
0.000000000000000000e+00
0.000000000000000000e+00
0.000000000000000000e+00
0.000000000000000000e+00
1.949275150095182241e+01
5.953580319226826845e+00
5.087567725874944990e+00
4.890906428466832434e-01
2.621174403280128809e-02
4.401815785620149524e-01
2.107189925318494750e-01
1.991506809196075603e-02
3.045833943476350739e-02
4.393029726167813932e-03
6.003807292429345389e-03
1.317908917850344136e-03
1.761604920193293178e-01
1.036755015375604022e-01
8.258895885195489950e-02
7.907453507102065252e-03
0.000000000000000000e+00
4.393029726167813607e-04
0.000000000000000000e+00
0.000000000000000000e+00
2.928686484111875919e-04
0.000000000000000000e+00
1.025040269439156599e-03
1.610777566261531674e-03
4.010836139991214022e-01
1.707424220237223622e-01
0.000000000000000000e+00
0.000000000000000000e+00
0.000000000000000000e+00
0.000000000000000000e+00
8.346756479718846558e-03
3.075120808317469579e-03
6.003807292429345389e-03
6.735978913457314234e-03
3.367989456728657117e-03
7.321716210279689526e-04
0.000000000000000000e+00
0.000000000000000000e+00
0.000000000000000000e+00
0.000000000000000000e+00
0.000000000000000000e+00
2.635817835700688273e-03
0.000000000000000000e+00
0.000000000000000000e+00
0.000000000000000000e+00
0.000000000000000000e+00
0.000000000000000000e+00
0.000000000000000000e+00
0.000000000000000000e+00
1.464343242055937959e-04
0.000000000000000000e+00
0.000000000000000000e+00
0.000000000000000000e+00
0.000000000000000000e+00
8.786059452335627214e-04
0.000000000000000000e+00
0.000000000000000000e+00
0.000000000000000000e+00
0.000000000000000000e+00
0.000000000000000000e+00
0.000000000000000000e+00
0.000000000000000000e+00
3.514423780934250886e-03
0.000000000000000000e+00
0.000000000000000000e+00
0.000000000000000000e+00
0.000000000000000000e+00
0.000000000000000000e+00
0.000000000000000000e+00
0.000000000000000000e+00
0.000000000000000000e+00
0.000000000000000000e+00
0.000000000000000000e+00
0.000000000000000000e+00
0.000000000000000000e+00
0.000000000000000000e+00
0.000000000000000000e+00
2.928686484111875919e-04
2.681783570068824218e+01
6.965148630839069099e+00
7.120515448821203464e+00
7.248499048176892945e-01
7.673158588373114875e-02
6.242495240884463614e-01
3.895153023868794806e-01
3.587640943037048030e-02
6.062381022111582723e-02
1.010396837018597178e-02
3.075120808317469579e-03
7.468150534485283078e-03
8.311612241909503984e-01
1.243666715478108031e+00
1.402840825889588583e-01
3.367989456728657117e-03
3.660858105139844654e-03
9.225362424952409171e-03
1.610777566261531674e-03
0.000000000000000000e+00
1.757211890467125443e-03
2.928686484111875919e-04
0.000000000000000000e+00
1.326255674330062861e+00
1.859715917411041211e-02
8.493190803924440327e-03
2.401522916971738156e-02
1.610777566261531674e-03
0.000000000000000000e+00
0.000000000000000000e+00
0.000000000000000000e+00
0.000000000000000000e+00
0.000000000000000000e+00
1.112900863962512817e-02
2.928686484111875919e-04
3.660858105139844654e-03
2.782252159906282041e-03
4.393029726167813607e-04
0.000000000000000000e+00
0.000000000000000000e+00
0.000000000000000000e+00
1.171474593644750367e-03
8.053887831307659020e-03
2.928686484111875919e-04
2.928686484111875810e-03
0.000000000000000000e+00
0.000000000000000000e+00
0.000000000000000000e+00
0.000000000000000000e+00
0.000000000000000000e+00
2.379557768340899160e-01
2.928686484111875919e-04
2.928686484111875919e-04
0.000000000000000000e+00
0.000000000000000000e+00
0.000000000000000000e+00
0.000000000000000000e+00
9.811099721774784246e-03
0.000000000000000000e+00
0.000000000000000000e+00
0.000000000000000000e+00
0.000000000000000000e+00
0.000000000000000000e+00
0.000000000000000000e+00
0.000000000000000000e+00
0.000000000000000000e+00
0.000000000000000000e+00
0.000000000000000000e+00
0.000000000000000000e+00
0.000000000000000000e+00
0.000000000000000000e+00
0.000000000000000000e+00
0.000000000000000000e+00
0.000000000000000000e+00
0.000000000000000000e+00
1.464343242055937959e-04
0.000000000000000000e+00
8.786059452335627214e-04
2.719080392443988714e+01
6.946405037340753097e+00
9.679015961341338681e+00
7.592619710060037885e-01
8.888563479279543156e-02
8.068531263728218050e-01
4.286132669497730308e-01
3.558354078195929276e-02
7.892810074681505528e-02
1.244691755747547209e-02
4.393029726167813932e-03
7.907453507102065252e-03
7.485722653389954573e-01
1.123004832332698877e+00
1.455557182603602340e-01
4.100161077756626395e-03
1.077756626153170277e-01
5.110557914775223226e-02
8.053887831307659020e-03
1.640064431102650558e-02
0.000000000000000000e+00
1.464343242055937959e-04
0.000000000000000000e+00
1.020940108361399812e+00
7.116708156391858553e-02
5.579147752233123286e-02
6.618831454092839739e-02
3.558354078195929276e-02
5.564504319812564083e-03
7.175281886074095540e-03
7.321716210279689526e-04
2.928686484111875919e-04
2.489383511495094504e-03
5.418069995606970314e-03
7.321716210279689526e-04
6.003807292429345389e-03
8.346756479718846558e-03
4.393029726167813607e-04
1.464343242055937959e-04
0.000000000000000000e+00
0.000000000000000000e+00
0.000000000000000000e+00
7.321716210279689526e-04
0.000000000000000000e+00
4.393029726167813607e-04
0.000000000000000000e+00
0.000000000000000000e+00
0.000000000000000000e+00
0.000000000000000000e+00
0.000000000000000000e+00
3.455850051252013638e-02
6.589544589251720465e-03
4.393029726167813607e-04
0.000000000000000000e+00
1.464343242055937959e-04
0.000000000000000000e+00
0.000000000000000000e+00
1.654707863523209935e-02
5.857372968223751837e-04
0.000000000000000000e+00
0.000000000000000000e+00
0.000000000000000000e+00
0.000000000000000000e+00
8.786059452335627214e-04
0.000000000000000000e+00
0.000000000000000000e+00
0.000000000000000000e+00
0.000000000000000000e+00
0.000000000000000000e+00
0.000000000000000000e+00
0.000000000000000000e+00
0.000000000000000000e+00
0.000000000000000000e+00
0.000000000000000000e+00
0.000000000000000000e+00
0.000000000000000000e+00
0.000000000000000000e+00
0.000000000000000000e+00
2.431995899838922170e+01
6.841997364182164532e+00
1.099648557621906519e+01
6.681798213501244366e-01
8.698198857812271256e-02
8.418509298579587297e-01
3.616927807878166368e-01
3.382632889149216754e-02
6.047737589691023347e-02
9.371796749158002940e-03
2.635817835700688273e-03
7.028847561868501771e-03
6.094596573436813491e-01
1.001757211890467181e+00
1.172938936886806227e-01
8.786059452335627865e-03
1.017718553228876832e-01
6.047737589691023347e-02
4.685898374579001470e-03
1.142187728803631570e-02
7.321716210279689526e-04
8.786059452335627214e-04
7.321716210279689526e-04
1.108361399912139333e+00
1.849465514716649717e-01
3.382632889149216754e-02
4.685898374579001296e-02
4.568750915214526281e-02
2.635817835700688273e-03
2.562600673597891301e-02
2.196514863083906966e-03
4.393029726167813607e-04
2.050080538878313197e-03
1.625420998682091181e-02
4.393029726167813607e-04
9.811099721774784246e-03
5.857372968223751621e-03
7.321716210279689526e-04
0.000000000000000000e+00
1.464343242055937959e-04
0.000000000000000000e+00
5.857372968223751837e-04
2.050080538878313197e-03
1.610777566261531674e-03
3.367989456728657117e-03
2.928686484111875919e-04
0.000000000000000000e+00
0.000000000000000000e+00
0.000000000000000000e+00
0.000000000000000000e+00
4.817689266364035688e-02
1.010396837018597178e-02
1.757211890467125443e-03
1.610777566261531674e-03
0.000000000000000000e+00
0.000000000000000000e+00
0.000000000000000000e+00
2.767608727485722578e-02
4.393029726167813607e-04
2.928686484111875919e-04
4.393029726167813607e-04
0.000000000000000000e+00
0.000000000000000000e+00
1.317908917850344136e-03
0.000000000000000000e+00
0.000000000000000000e+00
0.000000000000000000e+00
0.000000000000000000e+00
2.167227998242788126e-02
0.000000000000000000e+00
0.000000000000000000e+00
0.000000000000000000e+00
0.000000000000000000e+00
0.000000000000000000e+00
0.000000000000000000e+00
2.928686484111875919e-04
0.000000000000000000e+00
0.000000000000000000e+00
2.361502416166349505e+01
6.500073217162102956e+00
9.626738907599941442e+00
5.842729535803192764e-01
8.991067506223458794e-02
7.485722653389954573e-01
3.104407673158588454e-01
2.562600673597891301e-02
5.403426563186410764e-02
4.978767022990189008e-03
4.246595401962220163e-03
4.539464050373407701e-03
4.158734807438863590e-01
1.144823546639332168e+00
1.010396837018597144e-01
1.361839215112022224e-02
1.723531995899838798e-01
7.658515155952555498e-02
1.068970566700834686e-02
1.156831161224190947e-02
1.464343242055937905e-03
5.857372968223751837e-04
8.786059452335627214e-04
1.607263142480597429e+00
2.304876262996046199e-01
3.909796456289354322e-02
1.045541074827939648e-01
7.995314101625421166e-02
7.028847561868501771e-03
1.757211890467125573e-02
2.635817835700688273e-03
7.321716210279689526e-04
1.903646214672719212e-03
1.142187728803631570e-02
1.171474593644750367e-03
1.039683701859715932e-02
9.811099721774784246e-03
2.928686484111875919e-04
0.000000000000000000e+00
0.000000000000000000e+00
0.000000000000000000e+00
0.000000000000000000e+00
2.196514863083906966e-03
4.393029726167813607e-04
2.928686484111875919e-04
0.000000000000000000e+00
0.000000000000000000e+00
0.000000000000000000e+00
0.000000000000000000e+00
0.000000000000000000e+00
2.884756186850197593e-02
3.953726753551032626e-03
4.393029726167813607e-04
0.000000000000000000e+00
1.464343242055937959e-04
0.000000000000000000e+00
0.000000000000000000e+00
5.857372968223751621e-03
0.000000000000000000e+00
0.000000000000000000e+00
1.464343242055937959e-04
0.000000000000000000e+00
0.000000000000000000e+00
1.464343242055937959e-04
0.000000000000000000e+00
0.000000000000000000e+00
0.000000000000000000e+00
0.000000000000000000e+00
0.000000000000000000e+00
0.000000000000000000e+00
0.000000000000000000e+00
0.000000000000000000e+00
0.000000000000000000e+00
0.000000000000000000e+00
0.000000000000000000e+00
0.000000000000000000e+00
0.000000000000000000e+00
2.928686484111875919e-04
2.245379997071313483e+01
5.670522770537414381e+00
8.922389808171034886e+00
5.741689852101332647e-01
7.233855615756333568e-02
7.198711377946990231e-01
3.770683848294040241e-01
3.572997510616488653e-02
5.432713428027529518e-02
5.564504319812564083e-03
2.489383511495094504e-03
3.075120808317469579e-03
5.511787963098550014e-01
1.261678137355396023e+00
9.474300776101918231e-02
1.171474593644750324e-02
1.518523942012007522e-01
6.311319373261092824e-02
4.978767022990189008e-03
8.346756479718846558e-03
8.786059452335627214e-04
2.928686484111875919e-04
1.464343242055937959e-04
1.247327573583247862e+00
1.426270317762483586e-01
4.041587348074388714e-02
1.203690144969980919e-01
6.838482940401230392e-02
3.807292429345438423e-03
1.991506809196075603e-02
1.025040269439156599e-03
1.464343242055937959e-04
2.635817835700688273e-03
8.639625128130034096e-03
5.857372968223751837e-04
2.123297700981109995e-02
7.175281886074095540e-03
1.464343242055937959e-04
0.000000000000000000e+00
1.464343242055937959e-04
0.000000000000000000e+00
7.321716210279689526e-04
3.953726753551032626e-03
1.317908917850344136e-03
8.786059452335627214e-04
2.928686484111875919e-04
0.000000000000000000e+00
0.000000000000000000e+00
0.000000000000000000e+00
0.000000000000000000e+00
5.740225508859276432e-02
3.367989456728657117e-03
2.928686484111875919e-04
2.928686484111875919e-04
0.000000000000000000e+00
1.464343242055937959e-04
0.000000000000000000e+00
4.685898374579001470e-03
0.000000000000000000e+00
0.000000000000000000e+00
0.000000000000000000e+00
0.000000000000000000e+00
0.000000000000000000e+00
1.464343242055937959e-04
0.000000000000000000e+00
0.000000000000000000e+00
0.000000000000000000e+00
0.000000000000000000e+00
4.393029726167813607e-04
0.000000000000000000e+00
0.000000000000000000e+00
0.000000000000000000e+00
0.000000000000000000e+00
0.000000000000000000e+00
0.000000000000000000e+00
0.000000000000000000e+00
0.000000000000000000e+00
0.000000000000000000e+00
1.991418948601552330e+01
5.277493044369600206e+00
8.841118758236930830e+00
5.378532728071460101e-01
7.746375750475911759e-02
7.485722653389954573e-01
3.638892956509005572e-01
3.324059159466979246e-02
4.715185239420120050e-02
5.418069995606970314e-03
2.342949187289500735e-03
2.050080538878313197e-03
3.703324059159466830e-01
9.308829989749597411e-01
1.060184507248499025e-01
1.317908917850344093e-02
1.638600087860594412e-01
7.219212183335774191e-02
6.296675940840532927e-03
4.978767022990189008e-03
2.928686484111875919e-04
1.464343242055937959e-04
0.000000000000000000e+00
1.091814321276907362e+00
1.377946990774637503e-01
3.265485429784741739e-02
1.398447796163420631e-01
6.472397129887245970e-02
6.443110265046126696e-03
2.723678430224044447e-02
1.464343242055937905e-03
5.857372968223751837e-04
1.903646214672719212e-03
7.761019182896470615e-03
1.171474593644750367e-03
1.215404890906428455e-02
4.978767022990189008e-03
7.321716210279689526e-04
0.000000000000000000e+00
1.464343242055937959e-04
0.000000000000000000e+00
0.000000000000000000e+00
2.782252159906282041e-03
4.393029726167813607e-04
7.321716210279689526e-04
0.000000000000000000e+00
0.000000000000000000e+00
0.000000000000000000e+00
0.000000000000000000e+00
0.000000000000000000e+00
1.713281593205447442e-02
4.393029726167813932e-03
5.857372968223751837e-04
0.000000000000000000e+00
4.393029726167813607e-04
0.000000000000000000e+00
0.000000000000000000e+00
4.978767022990189008e-03
4.393029726167813607e-04
1.903646214672719212e-03
0.000000000000000000e+00
0.000000000000000000e+00
0.000000000000000000e+00
2.928686484111875919e-04
0.000000000000000000e+00
0.000000000000000000e+00
0.000000000000000000e+00
0.000000000000000000e+00
2.050080538878313197e-03
0.000000000000000000e+00
0.000000000000000000e+00
0.000000000000000000e+00
0.000000000000000000e+00
0.000000000000000000e+00
0.000000000000000000e+00
0.000000000000000000e+00
0.000000000000000000e+00
0.000000000000000000e+00
1.743256699370332541e+01
4.549714453067799091e+00
7.786059452335627462e+00
4.898228144677112539e-01
6.120954751793820231e-02
7.572118904671254480e-01
3.321130472982867232e-01
3.075120808317469492e-02
3.646214672719285538e-02
5.125201347195782776e-03
2.196514863083906966e-03
8.786059452335627214e-04
3.480743886366964301e-01
9.647093278664519156e-01
7.482793966905842975e-02
1.771855322887684950e-02
1.369160931322301877e-01
4.949480158149070080e-02
6.443110265046126696e-03
1.171474593644750367e-03
8.786059452335627214e-04
0.000000000000000000e+00
0.000000000000000000e+00
1.247181139259042393e+00
1.360374871869966251e-01
2.943329916532435100e-02
1.131937326109239972e-01
5.754868941279835809e-02
5.418069995606970314e-03
1.376482647532581600e-02
7.321716210279689526e-04
4.393029726167813607e-04
0.000000000000000000e+00
1.713281593205447442e-02
0.000000000000000000e+00
1.127544296383072193e-02
5.857372968223751621e-03
8.786059452335627214e-04
0.000000000000000000e+00
0.000000000000000000e+00
0.000000000000000000e+00
2.928686484111875919e-04
1.464343242055937959e-04
1.171474593644750367e-03
1.464343242055937959e-04
1.464343242055937959e-04
0.000000000000000000e+00
0.000000000000000000e+00
0.000000000000000000e+00
0.000000000000000000e+00
1.303265485429784716e-02
8.053887831307659020e-03
5.857372968223751837e-04
1.025040269439156599e-03
0.000000000000000000e+00
0.000000000000000000e+00
0.000000000000000000e+00
5.564504319812564083e-03
0.000000000000000000e+00
3.660858105139844654e-03
0.000000000000000000e+00
0.000000000000000000e+00
0.000000000000000000e+00
2.928686484111875919e-04
0.000000000000000000e+00
0.000000000000000000e+00
0.000000000000000000e+00
0.000000000000000000e+00
1.317908917850344136e-03
0.000000000000000000e+00
0.000000000000000000e+00
0.000000000000000000e+00
0.000000000000000000e+00
0.000000000000000000e+00
0.000000000000000000e+00
0.000000000000000000e+00
0.000000000000000000e+00
0.000000000000000000e+00
1.508859276614438372e+01
3.648118318933958104e+00
6.902621174403280158e+00
4.193879045248206094e-01
6.003807292429345216e-02
7.056670083467564414e-01
2.735393176160492157e-01
2.416166349392297533e-02
2.152584565822228749e-02
3.807292429345438423e-03
1.317908917850344136e-03
2.928686484111875919e-04
3.947869380582808563e-01
9.352760287011275819e-01
5.901303265485429578e-02
1.083613999121394063e-02
1.313515888124176245e-01
4.671254942158441920e-02
5.271635671401376545e-03
4.246595401962220163e-03
7.321716210279689526e-04
1.464343242055937959e-04
0.000000000000000000e+00
9.786205886659833375e-01
1.353053155659686702e-01
9.078928100746815402e-03
1.022111582955044645e-01
4.978767022990188834e-02
6.589544589251720465e-03
1.200761458485869078e-02
2.928686484111875919e-04
2.928686484111875919e-04
5.857372968223751837e-04
9.225362424952409171e-03
1.464343242055937959e-04
9.957534045980378015e-03
4.100161077756626395e-03
4.393029726167813607e-04
1.464343242055937959e-04
0.000000000000000000e+00
0.000000000000000000e+00
0.000000000000000000e+00
0.000000000000000000e+00
1.317908917850344136e-03
1.464343242055937959e-04
0.000000000000000000e+00
0.000000000000000000e+00
0.000000000000000000e+00
0.000000000000000000e+00
0.000000000000000000e+00
1.449699809635378485e-02
4.246595401962220163e-03
1.025040269439156599e-03
1.025040269439156599e-03
4.393029726167813607e-04
0.000000000000000000e+00
0.000000000000000000e+00
1.025040269439156599e-03
4.393029726167813607e-04
2.050080538878313197e-03
4.393029726167813607e-04
0.000000000000000000e+00
0.000000000000000000e+00
0.000000000000000000e+00
2.928686484111875919e-04
1.464343242055937959e-04
0.000000000000000000e+00
0.000000000000000000e+00
0.000000000000000000e+00
0.000000000000000000e+00
0.000000000000000000e+00
0.000000000000000000e+00
0.000000000000000000e+00
0.000000000000000000e+00
0.000000000000000000e+00
0.000000000000000000e+00
0.000000000000000000e+00
0.000000000000000000e+00
1.291521452628496114e+01
3.262117440328013096e+00
6.103968370185971715e+00
3.331380875677258935e-01
3.821935861765998060e-02
6.429931175867623638e-01
2.271196368428759771e-01
1.698638160784888065e-02
1.654707863523209935e-02
2.635817835700688273e-03
1.171474593644750367e-03
5.857372968223751837e-04
2.448381900717528092e-01
6.167813735539610098e-01
5.579147752233123286e-02
1.845072484990481834e-02
1.112900863962512782e-01
3.045833943476350739e-02
3.221555132523063348e-03
2.342949187289500735e-03
2.928686484111875919e-04
0.000000000000000000e+00
0.000000000000000000e+00
8.922243373846829861e-01
1.263728217894274364e-01
1.347195782691462847e-02
1.033826328891492147e-01
4.539464050373407528e-02
6.296675940840532927e-03
7.907453507102065252e-03
5.857372968223751837e-04
2.928686484111875919e-04
0.000000000000000000e+00
7.761019182896470615e-03
4.393029726167813607e-04
7.761019182896470615e-03
2.928686484111875810e-03
2.928686484111875919e-04
0.000000000000000000e+00
0.000000000000000000e+00
0.000000000000000000e+00
0.000000000000000000e+00
0.000000000000000000e+00
5.857372968223751837e-04
1.464343242055937959e-04
0.000000000000000000e+00
0.000000000000000000e+00
0.000000000000000000e+00
0.000000000000000000e+00
0.000000000000000000e+00
1.889002782252159965e-02
8.053887831307659020e-03
1.464343242055937959e-04
0.000000000000000000e+00
1.464343242055937959e-04
0.000000000000000000e+00
0.000000000000000000e+00
5.271635671401376545e-03
2.928686484111875919e-04
1.464343242055937959e-04
4.393029726167813607e-04
0.000000000000000000e+00
0.000000000000000000e+00
0.000000000000000000e+00
0.000000000000000000e+00
0.000000000000000000e+00
0.000000000000000000e+00
0.000000000000000000e+00
2.342949187289500735e-03
0.000000000000000000e+00
0.000000000000000000e+00
0.000000000000000000e+00
0.000000000000000000e+00
0.000000000000000000e+00
0.000000000000000000e+00
0.000000000000000000e+00
0.000000000000000000e+00
0.000000000000000000e+00
4.455021145790611037e+00
4.948161411235990848e+00
3.423561771695426525e+00
5.109893843184460493e+00
5.073474339071673889e+00
4.093313829598348441e+00
5.877684522862329786e+00
3.636496234697207619e+00
4.965899383797691691e+00
4.072930001683736201e+00
5.425583824699011792e+00
1.986210502429328528e+02
5.809799714585157204e+00
7.469363867258415723e+01
9.164144400609006880e+01
1.395997202498618321e+02
4.179758396398140619e+00
6.695916891799991610e+00
9.555392952233989945e+01
6.948780462743576081e+00
8.770819414522604347e+03
7.562982862299622688e+00
2.645266876236485700e+02
9.428101902742700986e+03
2.315989264304252515e+02
6.500179420719202028e+01
5.947957241177331866e+01
5.741426270317762715e+01
1.635988102466916280e+04
8.454644851830046548e+00
2.183394347635085708e+01
3.275223312344413529e+01
3.275223312344413529e+01
1.450234257376768632e+01
1.862483526138526884e+02
3.068692341484844022e+01
3.596963029085657837e+01
2.358081941391890268e+01
8.561949496562775153e+00
4.632721030602649392e+00
2.963755122779098201e+02
5.180670669204861412e+01
1.875519691297181168e+01
2.353151266656904284e+02
9.331520690588048339e+00
5.943566548645634086e-03
3.997039500983299831e+02
1.553599695361224258e+04
1.395001689872503059e+00
1.595668472689998509e+02
6.697478075527604879e+00
1.355385474934947077e+01
2.675574754722507009e+01
1.147383367257287432e+02
3.053200909136322707e+02
3.801022111582955176e+02
1.022615549407032098e+01
2.242792869088217776e+04
5.098883792312984831e+00
2.302470619316817465e+04
2.920586067281384658e+03
4.701244691755747596e+01
3.082314163967533887e+02
1.090143833097453374e+01
4.398731961213141517e+02
1.110853813024930581e+01
1.883135158881241864e+02
3.916234480767590753e+01
6.540111582881827701e+01
1.022484386455214356e+01
1.855461523913344379e+01
3.744531043166086448e+01
8.883600310609503836e+00
1.200510569234915792e+01
1.252061986541190527e+04
5.515705402280777214e+00
7.932111990061104650e-03
1.833580405158388373e+02
6.021190052184906563e+02
9.909142462683311123e+02
4.380937179674915569e+02
8.078635047291497173e+00
7.041560404217213076e+00
5.683243227349588089e+00
4.565133987406647975e+01
1.623397586090643188e+02
6.129067213354810661e+01
2.610373879090437549e+04
2.694344351136358819e+04
5.904767713842638877e+00
1.070730115638066877e+02
4.676233709181432552e+00
6.090907669438063721e+00
6.208181258186757034e+00
3.414848440474447244e+00
1.957135948645372707e+02
4.961560989896031515e+01
4.958747938765297292e+00
6.122657917609062679e+02
4.439797920632596515e+02
2.575377323556741871e+01
2.329548327831594889e+01
6.258792598124435891e+00
6.425831014789866735e+00
3.573338565617229534e+01
7.989529945819299428e+01
2.735455808490709387e+04
2.958705520574022696e+00
3.583037328930248400e+00
2.028037016035728470e+02
2.626270147452449237e+04
2.417777126958559286e+00
3.909313223019474748e+01
5.882534049012699739e+01
6.269439156538292757e+00
4.268175428320398055e+02
6.341107943990832441e-01
7.287304144091375058e+00
5.145980865358224321e+01
1.044547048364435327e+01
2.273361876646927016e+01
1.323016602233822248e+01
3.798067066920486123e+00
7.613999121394054548e+00
2.642606624108807955e+04
5.965370269208489162e+02
1.007336359642700216e+02
1.964585057944454434e+02
1.382823253770683891e+01
6.993249756490494962e-01
4.317495225422560168e+01
2.520341437471376776e+04
1.039746802319696855e+02
4.031294479425977215e+02
4.115715657083357293e+00
4.445332384126557486e+02
1.790892934631717578e+07
1.790892385327280685e+07
2.092433791004977195e+01
3.704958956982054019e+01
2.884040512998204964e-01
6.656291085617979109e-01
7.985561785674981650e+00
1.880859655832132091e+02
2.514057515505338597e+04
8.616195636257139023e-01
7.741982720749743807e-01
2.446820980135375467e-01
1.076120323381633881e+01
2.405503663115335075e+04
1.080469702738318176e+02
5.737333857257104910e+02
1.100453946405037264e+01
3.730758529799384746e+02
1.133543710645775349e+02
1.890530755577131572e+01
5.548326025336487000e+00
1.681358910528627959e+00
5.770423473854872087e-01
1.132742714892370728e+01
1.132742714892370728e+01
2.092839361546346311e+00
2.001464343242056021e+00
1.766947074596754703e+02
2.669541390833674477e+00
1.149241514130915931e+02
2.346974626534538038e+04
3.595422517416486130e+01
5.273840018129233158e+02
1.065374425572532258e-02
1.090730121540489108e+03
2.141316225345068214e-01
8.824571679601698193e+00
4.459235655595920611e-01
3.375956948308683536e+02
1.609153703380963520e+02
1.309903353346024346e+02
1.267153967556661431e+00
2.122764822566914518e+04
8.667703510951310975e+00
1.773048355886899685e+01
2.119550690681891503e+00
4.855687655805213865e+01
2.273736674665638930e+04
1.131578042121662353e+00
1.476245651552547429e+02
1.666643342512738712e+01
2.636404117612045184e+02
4.773901151530786251e+02
2.146727192854004929e-01
2.431395519109679437e+00
2.341165910089324825e+03
3.094986390874319149e+00
1.496289354224630301e+02
1.591510887810678554e+01
2.160906781961230294e+01
1.299572907098520913e+00
5.231512666569043901e+00
4.012248611853153624e-01
1.641054662420055195e+02
2.691012389970932617e+00
8.464747546893066632e-01
7.317323180553522155e-01
3.996192707570654368e-01
4.166158181504201252e+00
2.924318809178359402e+00
6.967345145702152909e-01
9.313605240516992234e-01
1.344878688894863750e+01
5.919434318975936860e-01
4.275509238840823514e+02
3.080511897415360778e+01
2.077123400205124994e+02
3.797772796829397635e+01
1.658286718406794478e+02
9.527461619093418044e-01
1.624249524088446250e+00
8.708712171943163938e+00
1.553283502812346173e+00
1.165894046957218988e+00
4.208512456071548513e+01
4.088007028847561841e+00
2.082215844193879093e+03
1.193085743336887461e+01
2.792825011886444497e-01
9.133176797599775298e+00
2.613776248352613948e+03
6.144511688820507800e+00
2.470386293747254513e+03
1.610563279143581772e+00
1.971006003807292406e-01
1.242386895995084828e+01
4.588373114658075735e+00
1.295369498787148359e+02
1.785649436227851936e+02
2.427862400952427180e+01
3.979629611134384848e-01
7.869437634941621740e-01
1.654036092544179659e-02
3.752993279681062222e-01
2.894109050958512341e+00
7.368271994396547598e+03
2.771026651047005544e+03
6.923703048158837969e-01
1.855322887684873467e-01
2.499633914189486050e-01
5.508788796402430243e+00
2.305528335041733953e+03
6.154634646361106798e-01
7.717088885634793005e-01
2.006443110265045959e+00
3.026112933445976427e+00
2.680503880509591454e+03
1.407233855615756257e-01
1.407233855615756257e-01
6.171301631866528226e+01
1.922706181777849854e-01
1.241705538449877722e+01
3.886636311806653254e-01
2.259931509131915206e+00
7.560989896031629520e+00
1.596501119647571620e+01
7.935276028701127027e-01
3.715038805095914332e-01
2.017831081515883973e+00
3.722360521306194436e-01
1.982133841091841264e-01
1.754797093802757146e+01
2.226283646714217923e+02
3.748718699663200926e+00
8.797347657559686922e+03
8.996838104047923945e-01
8.723061329949960419e-01
6.469468443403133540e-01
1.578793088299897590e+03
8.831359402133202821e+03
2.591226786701917462e+01
3.328267370179036067e-01
4.620002928686484100e-01
3.833433531069061623e-02
9.375637617492599020e+03
3.914200401323833511e-02
1.428169768652572287e-02
2.909650021965148881e-01
8.936400287957655397e-01
4.328822847815077535e-01
4.105911445946935601e+01
1.940986967345145642e+00
7.960616858566801568e+00
7.286571972470347047e-01
1.413384097232391223e+00
6.675940840533021170e-01
1.991506809196075603e-02
2.363625942945752811e+01
6.676759798139132729e-02
2.401522916971738156e-02
8.210463253832249393e+03
2.750467283618940684e+01
6.623030204348405725e-01
1.821005351264473759e+01
-4.507946242672763226e+00
1.252159906282032553e+00
5.637444358279812384e+00
7.452937538085612212e-01
1.011091276259637561e+04
1.056498203017722233e+02
4.286487823688308652e+01
4.302472727242399486e+01
5.353638892956509299e-01
1.228750708827837990e+01
2.583314705305403969e+00
2.441938790452482078e+00
7.259945780863734655e-01
5.973500115926713150e+00
2.378093425098843083e-01
-1.545560343377778978e-01
-1.524987399239466010e-02
1.505479019602252677e+01
6.204554452240188311e+00
1.820391069298311626e+00
9.805572357986669886e+03
4.239253069598067469e+01
2.696478670865254390e+00
1.578414167138661028e+01
1.907734971225229226e-02
6.642331405297768221e+00
1.801142187728803704e-02
2.282325377068384675e+00
3.958933573295314368e+00
1.253477815199882939e-01
2.566993703324059184e-01
1.572704641968077355e-01
3.878936347595778322e+00
1.485176484985551149e+01
8.646605112247330638e+00
9.071606384536535783e-01
4.417923561282764422e-01
4.417923561282764422e-01
3.933633758244752254e+00
2.160199150680919722e+00
6.445481418789981376e+00
1.698638160784888065e-02
2.742108507118734551e-02
4.587568553126247117e+00
1.336945379997071248e-01
1.165177917703909882e+00
3.906287589276340455e-01
7.876702299018889519e-01
-3.101015496162999430e+00
2.237256529141407879e-01
7.876782755823970028e+00
1.652073520642572735e+00
-4.222601375099554843e+02
6.363359804659284080e+00
4.818923402964416504e+09
-8.789898094257644900e-02
2.300329447146140538e+01
2.965295065163274235e-01
2.449846243959584169e-01
5.920339727632156768e-01
-9.001386597022346336e+00
6.026467221211032665e+03
1.810221115829550476e+00
4.367309971544479363e-02
2.922008784747866628e+00
7.378488258033431890e+00
1.740857792402207727e+00
-4.453841787755152382e+00
4.438707281191457410e-01
1.547519207436380204e-02
1.133601033671008534e-01
1.988334562823316887e+00
3.902474740079074356e-01
2.893044688282372690e+01
2.064723971298872487e-02
7.907453507102064905e-02
3.472931839326876546e-01
5.176453360667740977e-01
3.483883643813469888e+01
6.047737589691023347e-02
4.054702066959142925e+00
1.709597490982625700e+00
6.805589924562341366e+03
3.994728364328598569e-01
9.679308829989749507e-02
2.946936090132654940e+01
1.242922856252342534e+01
4.627324644896763789e-02
3.101504378371163995e+01
2.053446013118431424e+01
-1.110923852500817866e+01
2.502147272987953919e+00
-2.740209288018183287e+01
-1.865334863043229774e+01
6.443110265046126696e-03
6.443110265046126696e-03
3.713995513218635125e+01
6.443110265046126696e-03
6.443110265046126696e-03
8.725904811178064602e-02
