4.304581853427897613e+02
8.016271394799051819e+00
3.720874241134697513e+01
6.337461172576807655e+01
6.823654846335727164e-01
1.131994231678503882e+00
9.514070921985873230e-02
5.595839243498817694e+01
2.954411347517730491e+01
6.561702127659574835e+00
5.783271867612292993e+01
3.144189125295508447e+01
1.218553191489361787e+01
3.889971631205673930e+01
6.387044917257683529e+00
1.053777777777784724e-01
2.565579196217494307e+00
5.484633569739953002e-02
9.565106382978722621e+00
2.641427895981087559e+01
2.103621749408983277e+01
2.737777777777777644e+00
4.566903073286051828e+00
5.286052009456265049e-02
3.235933806146572000e-01
3.836406619385342998e-01
2.939007092198581694e-01
2.411347517730496465e-02
3.347517730496454152e-02
3.782505910165484455e-03
8.153191489361701905e-01
8.507895981087470361e+00
7.351300236406619337e-01
4.606825531914893190e+01
3.750684633569737514e+01
5.252775413711612273e+00
8.364170212766060430e+00
1.710486997635929818e+00
9.831111111111111356e+00
1.112869976359337976e+01
7.309692671394799057e-02
1.350638297872340354e+00
8.510638297872340566e-03
3.224964539007092235e+00
5.524255319148935861e+00
1.893153664302600347e+01
1.641522458628841719e+01
1.258156028368794255e+00
5.567797635933841027e-01
1.254153191489391639e-01
1.054424491725770352e+00
2.146288416075650129e+00
6.830498345153811490e-01
5.777777777777777513e-02
5.068557919621749508e-02
7.399527186761228892e-01
2.303924349881796729e+00
7.877068557919621183e-02
9.191489361702127880e-02
3.836406619385342998e-01
4.903073286052009316e-01
1.065721040189125252e-01
6.430260047281323443e-02
1.119338061465721124e+00
3.049984869976370416e-01
1.465275834515366296e+05
2.290024160756497906e+01
9.917003593380584903e+00
5.924109692671428284e+00
1.083956255319148276e+01
5.792352718676128109e-01
3.320151300236415248e-01
1.725730496453896923e-01
9.304671394799125805e-02
6.151137021276570138e+00
1.602589588652485730e+01
1.669526921040191212e+02
1.127603522458627197e+02
3.359674704491720565e+00
4.901208226950285685e+00
5.739568226950371610e+00
6.622650874704548052e+00
7.484603687943250705e+00
8.373364539007042140e+00
9.245195177304969647e+00
1.013692879432622185e+01
1.101422581560289338e+01
1.190787546099299021e+01
4.032223262411340770e+00
1.030936170212773256e-01
5.359745342789553391e+00
1.500322647754044114e+00
6.878146761229351647e+00
2.829394515366422613e+00
8.486409645390063261e+00
4.033041702127621697e+00
1.014425456264775249e+01
3.359674704491720565e+00
3.693418534278958720e+00
3.908497777777751203e+00
4.119608321512976623e+00
4.282109408983392207e+00
4.308678959810828601e+00
4.337603498817890646e+00
4.349389787234004601e+00
4.314868274231633549e+00
4.235695130023588995e+00
3.565210401891256264e+00
4.084464208037822175e+00
4.496599054373528581e+00
4.925218912529526705e+00
5.301208226950341995e+00
5.433317825059099881e+00
5.613735697399530267e+00
5.763978061465697245e+00
5.847592529550829532e+00
5.870156973995293903e+00
1.244125257683211672e+01
7.173081040189101643e+00
9.143985153664214494e+00
1.970891252955083939e+00
3.980191962174955744e+00
3.325717919621762775e+00
3.350416736643009017e+02
8.870362940898360193e+01
1.599462884160760545e+00
3.280859385342782542e+00
8.043356028368780386e+00
4.107595460992895298e+00
4.659762742316783779e+00
2.419032405106371698e+03
3.827567303886522132e+04
1.540368699763616789e+00
4.598199810874731064e+00
2.551215130023640754e+01
8.658575886524779719e-01
1.398426707328609666e+02
3.122082931442098364e+00
1.672289456264771879e+00
4.894043858156053517e+01
4.128238297872355855e-01
5.520072813238772191e-01
8.413547990543712718e-01
1.599462884160760545e+00
3.378712151300222732e+00
4.345770496453891241e+00
4.766294468085102487e+00
4.853468652482261447e+00
4.852833475177296130e+00
8.870362940898360193e+01
1.922938557919628408e+02
2.540753180141855694e+02
2.819986180614674254e+02
2.890005694562669873e+02
2.903008673286076942e+02
2.911437352245856980e-01
6.072484160756516092e-01
7.745798581560273677e-01
8.458063356974009350e-01
8.591649172576816262e-01
8.573144208037823955e-01
4.023083498817963566e+00
2.243832718676110893e+00
1.276323782505912163e+00
8.430782033096951844e-01
7.468632624113484830e-01
7.361438297872345826e-01
7.441158392434983337e-01
8.122574940898351636e-01
8.249165011820305260e-01
8.229541371158392016e-01
1.214785176075656636e+02
1.843005541371148936e+01
6.197232151300242631e-01
3.884991962174943581e+00
2.456641040189127434e+00
1.038560756501186177e-01
4.861814089834534336e+00
3.686010392434990735e+01
1.239442647754134041e+00
1.397879735224580777e+01
4.183574657210416881e+00
3.837721229314420725e+03
5.249767565011825177e+00
1.738796751773048470e+02
1.200992206146569998e+02
3.072981560283672975e-01
2.410055981087472432e+00
1.873702587234031398e+02
5.399443215129998919e+00
6.764612671394784726e+00
1.836060145626464930e+02
5.325893522458615692e+00
2.690921749408995538e+02
3.747405217966904161e+02
1.079889134751773305e+01
3.579506231678475103e+01
9.961004822695032956e+00
1.444418118203306811e+01
1.947299356973996254e+01
2.424179423167856839e+01
2.913523621749409642e+01
3.291449585437343558e+03
3.965391016548458047e+00
5.766822789598154309e+00
6.288378250591016894e+01
2.108086997635949533e+00
5.459604917257721013e+00
5.272481607564998285e+00
2.235479905437357251e-01
5.216533049645344811e+00
4.337723167848712080e+01
1.460529645390060249e+00
2.903767895981094327e+01
6.677819196217502196e+00
5.245446808510566328e+00
6.623737304964593342e+00
8.079325862884170206e+00
9.579242174940947763e+00
1.110873550827423628e+01
9.416383924349898127e-01
7.394465408983430166e+01
3.133658241134750000e+01
9.966655319148128855e-01
2.698809473853430632e+02
2.320895130023637787e+00
8.548213522458638636e+00
2.895918676122902768e-01
2.899707895981084249e+00
1.000000000000000000e+00
4.356453900709252730e-02
1.992178345153648777e+00
1.709641191489357226e+01
5.791840189125316840e-01
4.969819574468054668e+00
3.512561607565009680e+00
2.536498250591015413e+00
1.849475177304969395e-02
2.231139763593386061e+00
8.701702127659539932e-02
2.052882364066192622e+00
5.621763990543762901e+01
1.589947990543734424e-01
3.671857588652475357e+00
7.930541560283720592e+00
2.635858156028375032e-01
6.877635024113482132e+01
3.701539952718690962e+00
1.837091328605199081e+01
6.185768321512993273e-01
3.881707895981098666e+00
4.049019479905426877e+00
1.648290307328604265e-01
5.913520189125314630e+00
3.674182411347513266e+01
1.237131442080377175e+00
1.390809238770682654e+01
4.787647848699758235e+00
4.138963404255320278e+00
4.461627990543722611e+00
6.122308274231708758e+00
7.206807754137111388e+00
8.611231773049597749e+00
3.172363276217502516e+03
3.944584397163120926e+00
1.417899618912527444e+02
1.633988027423166898e+02
4.376778250591026875e-01
2.464822695035383260e-02
3.476016898345151152e+00
8.315476973995266974e+00
3.037966368794330378e+02
1.529897035460990651e+02
4.367444728132389820e+00
6.489864680851069600e+00
1.497694190070920683e+02
4.299735130023660368e+00
2.209682608983462728e+02
3.055776867139481396e+02
8.716961607565007597e+00
3.038680501182025750e+01
1.062346099290788271e+00
9.512209834515383378e+00
1.374832803782503099e+01
1.856249456264772846e+01
2.309306836879427038e+01
2.776269692671387901e+01
3.171947102411342257e+03
3.943464775413717760e+00
1.417588808510635374e+02
1.637308972104007978e+02
4.384760283687964555e-01
2.476699763593303086e-02
3.481956784869974175e+00
8.314815413711563963e+00
3.037191246335696064e+02
1.529602654373529163e+02
4.366349598108762109e+00
6.489533144208052384e+00
1.497343631205677923e+02
4.298384680851078166e+00
2.209318700709234804e+02
3.055153965957445052e+02
8.714549598108732198e+00
3.035927252955092825e+01
1.067384680851070522e+00
9.511426761229307303e+00
1.374683716312047999e+01
1.856068860520096564e+01
2.309064217494100291e+01
2.775984643026005827e+01
4.606524711205685890e+03
5.592363687943246120e+00
2.033313081796686674e+02
1.082668086997629615e+02
8.974076312056764593e+00
4.494353899763617619e+02
2.209067836406615584e+02
6.257056737588662543e+00
6.946541749409016475e+00
2.161946863356965878e+02
6.162071111111098176e+00
3.190387433569742370e+02
4.444257665248213698e+02
1.260462156028368774e+01
3.940272444444428146e+01
-1.956010969267152122e+00
1.022729153664301727e+01
1.479715914893616358e+01
1.998504198581563074e+01
2.485032416075641848e+01
2.989538250591024138e+01
3.203811803498817881e+03
4.006055130023625566e+00
1.436377094089840227e+02
1.545935080851074872e+02
8.353711205673741702e+00
3.082530864302615896e+02
1.548554587234053486e+02
4.431881134751752604e+00
6.509592245862910964e+00
1.517118748936172778e+02
4.369752434988167344e+00
2.233785561229324230e+02
3.095295467612285734e+02
8.856806713948010668e+00
3.156543300236413074e+01
8.173757919621689183e-01
9.558833096926774076e+00
1.382309522458624329e+01
1.865961806146572854e+01
2.321689598108749664e+01
6.947764709219873680e+01
1.945245390070920455e-01
3.556080756501181828e+00
8.457303262411345557e+00
2.701801418439700453e-01
7.335198052009467062e+01
4.243391678486971408e+00
5.015769295508286518e+01
4.188889891252959075e+01
1.431123687943266720e+00
4.935917446808512743e+00
4.215708368794334859e+00
1.825195271867615932e-01
5.880333522458637496e+00
4.356899205673749265e+01
1.479306666666671655e+00
1.937449825059106345e+01
5.722241418439716121e+00
3.437528416075678717e+00
4.720734846335701285e+00
5.722219574468080161e+00
6.977575319148941801e+00
8.201195744680852329e+00
9.495594137115919153e+00
6.301033768321519801e+01
1.752223167848690755e-01
3.333009456264768300e+00
8.986778250590974793e+00
2.878907801418426615e-01
7.816158536170196669e+01
4.115252293144216367e+00
4.727138316784866845e+01
3.721209834515358494e+01
1.268541749408979458e+00
4.780711678486997407e+00
4.243045295508271586e+00
1.837170685579201657e-01
6.025368794326232624e+00
4.415404548463365586e+01
1.499711300236404643e+00
1.794852510638300913e+01
5.742053900709233716e+00
3.225043877068567433e+00
4.618669787234056301e+00
5.536788368794336002e+00
6.820708274231658486e+00
8.001607470449245696e+00
9.287146572104063580e+00
6.733428680851037029e+01
1.840518203309697010e-01
3.468255413711588631e+00
8.536234420803829437e+00
7.409047000472834554e+01
4.156894562647762470e+00
4.855412567375896060e+01
4.001544614657204590e+01
1.353330685579193560e+00
4.881569929077990366e+00
3.827830449172571203e+00
1.635950827423170162e-01
5.518589598108723848e+00
4.242201314420809410e+01
1.430545531914891866e+00
1.887982827423165233e+01
5.447413333333346763e+00
3.371274137115844116e+00
4.632301654846352257e+00
5.558532482269521680e+00
6.760636784869999083e+00
7.911364255319169203e+00
9.138725390070890242e+00
3.594793947990565286e+00
3.954093427895952750e+00
4.017835744680860799e+00
3.963931252955067208e+00
3.839570969267110723e+00
3.679788557919610348e+00
3.480578439716302430e+00
3.235293333333328913e+00
3.494021938534283667e+00
3.879007092198590634e+00
4.026659858156029337e+00
4.010777210401895054e+00
3.914323215130000477e+00
3.787844728132372385e+00
3.621988652482272641e+00
3.407253144208030715e+00
4.096757257683220743e+00
4.696185721040159855e+00
4.978468557919642379e+00
5.088595366430263667e+00
5.034379290780144345e+00
4.907521702127674246e+00
4.745591394799029139e+00
4.548573238770674543e+00
1.224666496453901843e+01
2.366494411347524007e+01
3.382814278959818211e+01
4.190401995271858482e+01
4.049350808510656208e+01
3.918801579196233575e+01
3.761059111111098474e+01
3.548004198581569568e+01
5.602012482269510762e+00
9.577593191489368607e+00
1.251298676122928377e+01
1.411882203309698447e+01
1.390772274231680150e+01
1.325905427895984445e+01
1.255167111111108902e+01
1.168039867612299076e+01
7.971081796690366872e-01
1.299176359338059639e+00
1.593726713947994034e+00
1.714754893617019826e+00
1.680665059101659864e+00
1.606313853427896676e+00
1.510187990543737424e+00
1.386759338061462454e+00
2.964671394799051410e-02
4.972378250591026616e-02
-5.788813238770686848e-02
-3.615413711583922302e-02
-1.663801418439718807e-02
-2.743385342789604955e-02
-3.609758865248252624e-02
-7.140614657210442306e-03
-1.626846335697394730e-02
2.852595744680838652e-02
-6.278288416075666900e-02
-4.523234042553165440e-02
-7.523309692671371375e-03
-1.433002364066188888e-02
-2.138997635933804348e-02
-4.332860520094548168e-03
-8.558250591016519637e-02
3.361796690307333746e-02
-4.947470449172591128e-02
-4.821295508274240499e-02
-1.260217494089832177e-02
-6.298628841607533356e-03
-1.746278959810876677e-02
-3.292009456264778384e-03
7.892114420803767461e-01
8.056588179669005312e-01
9.573095035461002267e-01
9.551874231678507687e-01
9.363481796690348302e-01
9.560308274231705816e-01
9.742970212766003391e-01
9.398157919621764611e-01
1.094654373522454094e+00
9.618578723404245245e-01
1.018252860520092673e+00
9.616626950354610903e-01
9.041548936170193951e-01
9.082310165484643871e-01
9.041375886524846139e-01
8.647033569739953629e-01
1.282696926713944530e+00
1.063700709219862039e+00
1.065944680851065973e+00
9.979796690307318752e-01
9.327063829787279881e-01
9.177202836879441161e-01
9.042514420803771102e-01
8.568107801418421987e-01
7.089929078014184149e+00
4.032225531914886751e+00
2.641348557919749762e+00
2.064063167848696256e+00
1.221907612293149148e+00
8.160875650118168956e-01
5.685164066193845178e-01
3.828644917257707503e-01
2.650441607564998359e-01
1.873109219858157537e-01
2.291684160756484179e-01
8.869314420803832422e-02
5.402203309692647087e-02
4.349796690307271285e-02
2.715338061465690997e-02
1.879224586288390578e-02
1.400283687943272744e-02
1.042789598108771407e-02
7.667895981087653919e-03
5.676406619385503116e-03
4.991216075650106165e-01
4.340077068557921081e+00
3.901276406619380577e+00
3.648820709219851466e+00
3.403532387706865059e+00
3.200151489361719115e+00
3.018227328605219473e+00
2.837251631205709224e+00
2.676446808510679620e+00
4.419133049645397548e+00
3.860912245862903713e+00
3.537807186761218414e+00
3.303877446808513252e+00
3.089042458628837640e+00
2.908921891252963743e+00
2.740798770685580532e+00
2.589508085106391633e+00
4.063281040189125726e+00
3.857467706855790990e+00
3.673205390070935383e+00
3.487675271867605176e+00
3.316769834515347792e+00
3.165070070921944811e+00
3.021273002363996429e+00
2.888007186761158085e+00
2.035076312056750325e+00
1.902652387706867065e+00
1.762283498817974303e+00
1.614055886524832228e+00
1.482068747044924306e+00
1.362898628841607618e+00
1.241160661938538912e+00
1.132333900709230345e+00
2.047072624113472017e+00
1.911839716312065951e+00
1.770910543735219056e+00
1.619064964539009166e+00
1.479610023640657746e+00
1.352686524822690251e+00
1.227927092198581205e+00
1.113487754137101327e+00
1.901215413711588642e+00
1.721462127659574071e+00
1.535539101654846528e+00
1.349615508274228270e+00
1.187218156028367444e+00
1.045115933806153530e+00
9.129828841607604550e-01
7.978653427895980865e-01
2.150042931442082406e+01
3.208864321513014062e+01
9.035253295508518079e+01
9.445306477541382151e+01
3.240810401891241099e+01
1.331609408983453768e+01
2.760561584869985268e+02
8.863892009456346699e+00
2.379557237825058849e+02
1.226501156501200711e+02
4.444747243498898115e+01
1.078663829787236128e-01
5.549014657210391022e+01
7.102963773049589236e+01
2.524812718676083989e+01
1.210989286052008396e+01
2.772063867612320678e+02
1.442385163120571576e+02
1.258785274704497112e+02
1.914219111111122729e+01
3.077092860520097339e+00
2.772063867612320678e+02
1.664224670449176813e+02
1.240031517730498081e+02
1.910689361702123223e+00
2.776610291252979437e+02
1.121910754609928489e+02
4.171035867612332737e+01
1.210172245862896823e+01
1.201488510638312448e+02
5.729660898344999254e+00
2.829360723404280975e+02
1.606927791016553329e+02
1.235485048699766537e+02
2.365330780141839284e+00
8.951164066193987523e+00
1.048609653900707457e+02
4.094569236879420373e+02
4.627363706855834380e+01
1.079819007092198246e+00
2.779564253427917606e+02
3.745743962174940123e+01
7.308293560283770773e+01
1.608053371158351297e+01
1.565786396217487493e+02
9.202024926713967545e+01
1.046968888888855709e+01
5.513831773049594709e+00
8.009984349881955268e+01
1.358144494562653790e+02
6.960261673758853362e+01
8.893473295508294996e+01
2.090848047281323829e+01
9.517962959810915891e+01
1.537508829314417653e+02
1.422255905437345191e+01
4.855672813238779972e-01
3.354904378250576258e+01
6.066156028368780984e-01
1.868229314420803888e+01
6.262129550827421065e-01
1.348973995271867565e+01
4.612894562647734120e-01
3.217203309692671098e+01
1.087517541371155971e+00
3.215351905437378832e+01
9.857038297872343646e-01
7.813188557919607646e+00
2.628900236406618851e-01
2.726739791962179993e+01
8.420036879432641896e-01
6.128636784869970100e+00
2.079429787234048921e-01
1.988950354609928806e-01
3.091460992907813510e-01
3.393891252955079374e-02
3.311338628841610010e+00
1.344992907801415005e-01
5.292841985815610606e+00
4.712395820330965535e+01
1.487806903073284781e+00
1.204522713947990198e+01
4.683523404255283129e-01
1.944354449172576693e+01
1.405365127186767040e+02
4.383754988179668466e+00
4.077294940898401165e+00
1.650454846335694947e-01
6.886214657210460111e+00
5.726487300236441769e+01
1.814463167848698433e+00
1.998445862884220547e+00
7.767073286051978664e-02
3.588916784869955467e+00
1.120225692671396800e+01
3.571675650118197320e-01
3.189513096926701596e+00
1.289839243498814014e-01
5.155212198581544669e+00
4.514172699763617658e+01
1.422637541371157610e+00
7.049769361702123760e+00
2.856812293144197490e-01
6.679878297872375192e+00
4.982933947990538570e+01
1.573436595744685640e+00
4.549091631205658182e+00
1.888226004728141283e-01
5.468550543735195113e+00
4.779398751773075560e+01
1.509780803782514225e+00
3.992752151300214436e+00
1.649997163120567878e-01
5.937561134751784486e+00
4.960050486997647567e+01
1.567278865248217912e+00
4.273155177304933439e+00
1.761534751773041196e-01
5.319798959810851713e+00
4.717238562647750655e+01
1.489711111111116759e+00
1.924717304964529418e+01
1.542581834515354089e+01
1.117553862884162363e+01
5.210765957446803931e+00
1.766028813238769857e+01
1.294037872340426354e+01
2.151917229314432944e+01
2.567784321513003931e+01
1.966688661938533045e+01
1.610826666666666540e+01
1.924717304964529418e+01
1.542581834515354089e+01
1.924717304964529418e+01
1.542581834515354089e+01
1.924717304964529418e+01
1.542581834515354089e+01
1.924717304964529418e+01
1.542581834515354089e+01
4.370636690307304839e+00
4.128349881796544274e+00
6.027371442080365682e+00
6.565630354609971242e+00
8.006017966903096195e+00
8.877250118203264151e+00
1.015715338061458972e+01
1.117355669030732734e+01
1.239862855791973573e+01
1.347847546099297134e+01
1.468836387706852165e+01
1.579609919621756653e+01
1.700541484633572864e+01
1.812524444444457217e+01
6.602084349881825354e+00
7.701210118203324129e+00
1.077203309692671240e+01
1.266382127659573875e+01
1.533088879432627749e+01
1.751907914893606488e+01
2.006639356974006105e+01
2.236910156028358188e+01
2.488253229314405601e+01
2.722899858156008790e+01
2.973764416075661288e+01
3.209918950354633438e+01
3.461317352245846735e+01
3.697758231678480456e+01
4.766379385342760955e+00
4.658464113475084822e+00
6.845479716312083518e+00
7.507124633569711492e+00
9.241883782505951217e+00
1.024161380614655670e+01
1.180482345153671453e+01
1.296525408983448813e+01
1.445660728132384953e+01
1.569672898345157463e+01
1.715760784869976163e+01
1.843831148936171260e+01
1.988729966903067847e+01
2.118870203309688094e+01
2.474363687943264001e+00
1.556276122931480765e+00
3.355896737588652368e+00
2.683224586288395219e+00
4.450129456264845018e+00
3.751853711583882145e+00
5.626480756501172742e+00
4.803345910165488952e+00
6.840595271867567995e+00
5.851161702127724240e+00
8.074733238770738453e+00
6.900633096926640064e+00
9.320475555555574942e+00
7.953282931442183568e+00
4.287409456264779095e+00
3.999586666666662627e+00
5.868316217494066400e+00
6.359454468085135481e+00
7.771409739952719775e+00
8.598105059101630587e+00
9.846386004728126196e+00
1.082156349881797297e+01
1.201129096926717743e+01
1.305282997635932674e+01
1.422432236406621087e+01
1.529598033096928944e+01
1.646461408983464736e+01
1.755005806146566272e+01
5.760361985815577235e+00
7.350076690307329130e+00
9.048284160756510985e+00
1.081063583924351867e+01
1.261442297872338969e+01
1.444688387706850285e+01
1.630015442080372168e+01
1.816910364066194106e+01
2.005016141843966793e+01
2.194078241134751295e+01
2.383907933806151647e+01
2.574361484633582009e+01
2.765327952718673288e+01
2.956718382978704085e+01
4.826075082742331546e+00
6.028901560283667749e+00
7.345802364066188694e+00
8.696038770685570185e+00
1.007894921985816161e+01
1.148396378250585670e+01
1.290655640661929837e+01
3.311338628841610010e+00
2.884843593380616245e+00
2.532262600472810821e+00
2.226420047281326475e+00
1.940747801418433838e+00
1.675968510638302211e+00
1.414570874704500048e+00
1.172834231678495875e+00
9.370172104018890114e-01
7.162911583924372882e-01
5.058139952718673227e-01
3.181503546099291868e-01
1.413473286052012168e-01
-3.008652482269576905e-02
-1.854410401891248561e-01
1.204522713947990198e+01
9.650746477541348511e+00
7.998375981087447073e+00
6.750730685579173773e+00
5.702041134751785201e+00
4.786731252955080507e+00
3.940328226950348789e+00
3.197249645390081163e+00
2.489747612293149004e+00
1.857272718676112877e+00
1.278747895981086513e+00
7.685242553191494741e-01
3.052861465721048440e-01
-1.512795271867622970e-01
-5.661448699763548253e-01
4.077294940898401165e+00
3.537117825059107989e+00
3.073289929077981153e+00
2.690269408983444244e+00
2.346652009456269283e+00
3.311338628841610010e+00
2.884843593380616245e+00
2.532262600472810821e+00
2.226420047281326475e+00
1.940747801418433838e+00
1.675968510638302211e+00
1.414570874704500048e+00
1.172834231678495875e+00
9.370172104018890114e-01
7.162911583924372882e-01
5.058139952718673227e-01
3.181503546099291868e-01
1.413473286052012168e-01
-3.008652482269576905e-02
-1.854410401891248561e-01
1.204522713947990198e+01
9.650746477541348511e+00
7.998375981087447073e+00
6.750730685579173773e+00
5.702041134751785201e+00
4.786731252955080507e+00
3.940328226950348789e+00
3.197249645390081163e+00
2.489747612293149004e+00
1.857272718676112877e+00
1.278747895981086513e+00
7.685242553191494741e-01
3.052861465721048440e-01
-1.512795271867622970e-01
-5.661448699763548253e-01
4.077294940898401165e+00
3.537117825059107989e+00
3.073289929077981153e+00
2.690269408983444244e+00
2.346652009456269283e+00
2.031749314420799646e+00
1.724107801418434782e+00
1.435973711583928170e+00
1.144756312056736780e+00
8.768217494089837194e-01
6.217881796690325480e-01
3.923152718676126138e-01
1.758139007092197614e-01
-3.627092198581575305e-02
-2.235744680851061428e-01
1.998445862884220547e+00
1.256217777777787648e+00
7.801895035460888472e-01
5.020056737588729501e-01
3.084511583924371969e-01
1.936974940898331110e-01
1.192814184397160415e-01
7.491205673758881411e-02
4.156189125295511877e-02
2.630931442080384694e-02
9.820898345153669315e-03
-7.341560283687970263e-03
-1.589569739952720329e-02
-3.409125295508270981e-02
-4.493380614657203204e-02
3.189513096926701596e+00
2.775661465721037668e+00
2.429852860520100410e+00
2.132980898345163912e+00
1.855821654846342872e+00
1.603720661938530689e+00
1.352975130023639228e+00
1.121763404255325502e+00
8.980991962174971199e-01
6.883229314420777900e-01
4.874669503546110172e-01
3.084969267139466287e-01
1.383940425531911267e-01
-2.612851063829771739e-02
-1.743625531914901883e-01
7.049769361702123760e+00
6.305132765957473850e+00
5.762555555555574749e+00
5.311379290780148921e+00
4.908599432624133563e+00
4.550784491725757164e+00
4.214156406619398609e+00
3.912666666666666959e+00
3.622763215130011538e+00
3.358247470449172933e+00
3.114135791962191036e+00
2.894108841607581084e+00
2.688902695035471080e+00
2.500607754137113670e+00
2.324998203309712075e+00
4.549091631205658182e+00
4.143418439716311852e+00
3.789012387706875540e+00
3.482156690307327107e+00
3.197813144208036196e+00
2.935862316784857651e+00
2.673049361702130255e+00
2.427774184397165413e+00
2.180112151300238832e+00
1.940660898345154761e+00
1.715342127659579496e+00
1.507109219858159044e+00
1.309499574468085736e+00
1.118161891252962947e+00
9.416292198581571737e-01
3.992752151300214436e+00
3.480657399527172569e+00
3.094678581560288855e+00
2.765763404255316082e+00
2.446571820330967650e+00
2.153204066193863842e+00
1.867179669030742506e+00
1.608697966903080534e+00
1.356993758865254085e+00
1.129533711583922795e+00
9.156878486997619415e-01
7.245365484633595754e-01
5.426892671394826229e-01
3.694332860520100348e-01
2.093021276595752322e-01
4.273155177304933439e+00
3.847003026004724102e+00
3.492057777777763938e+00
3.181900709219865675e+00
2.892212198581568305e+00
2.626128226950360300e+00
2.359174184397157426e+00
2.113011725768325633e+00
1.871601702127658751e+00
1.640491820330964856e+00
1.418882931442085438e+00
1.218080567375894985e+00
1.025409739952720889e+00
8.428851063829754242e-01
6.740486997635952715e-01
1.813617021276595853e+00
4.192907801418439995e+00
9.756973995271868150e-01
2.631678486997636179e-01
2.674420803782505907e+00
7.651063829787233539e-01
2.269503546099290725e-01
8.444160756501181808e+00
3.863735224586288375e+00
2.804066193853427702e+00
1.410685579196217398e+00
4.170212765957446999e-02
6.192907801418440217e-01
3.043026004728132117e-01
1.891252955082742390e-04
1.068557919621749425e-02
3.092198581560283779e-02
0.000000000000000000e+00
0.000000000000000000e+00
0.000000000000000000e+00
0.000000000000000000e+00
0.000000000000000000e+00
0.000000000000000000e+00
0.000000000000000000e+00
2.836879432624113450e-04
2.264775413711583862e-01
2.250591016548463344e-02
2.011347517730496526e-01
2.486997635933806128e-02
3.338061465721040011e-02
1.059101654846335630e-02
2.680851063829787218e-01
7.924349881796689810e-02
1.451536643026004603e-01
2.799054373522458575e-02
3.366430260047281048e-02
1.352245862884160835e-02
0.000000000000000000e+00
0.000000000000000000e+00
0.000000000000000000e+00
0.000000000000000000e+00
0.000000000000000000e+00
0.000000000000000000e+00
2.174940898345153681e-03
4.728132387706855569e-04
0.000000000000000000e+00
0.000000000000000000e+00
3.404255319148936140e-03
1.607565011820330991e-03
1.408983451536643117e-01
7.196217494089834910e-02
6.288416075650117565e-02
7.754137115839243068e-03
3.612293144208037626e-02
3.356973995271867600e-02
7.848699763593380146e-03
1.049645390070922009e-02
2.364066193853427839e-03
1.172576832151300298e-02
1.719148936170212805e-01
6.950354609929078331e-02
1.357919621749409111e-01
8.151300236406619493e-02
2.717730496453900635e-01
9.513002364066193428e-02
1.144208037825059088e-02
2.742316784869976154e-03
1.191489361702127714e-02
1.777777777777777776e-02
4.208037825059101483e-02
2.893617021276595827e-02
1.115839243498818051e-02
3.782505910165484780e-04
1.513002364066193912e-03
0.000000000000000000e+00
3.782505910165484780e-04
1.891252955082742390e-04
1.134751773049645380e-03
1.579196217494089824e-02
4.170212765957446999e-02
1.144208037825059088e-02
1.129361702127659628e+00
1.816548463356973953e-01
1.450591016548463397e-01
4.615602836879432735e-01
1.073286052009456287e-01
3.976359338061465909e-01
3.895981087470449244e-01
0.000000000000000000e+00
0.000000000000000000e+00
4.728132387706855569e-04
4.151300236406619409e-02
4.539007092198581519e-03
0.000000000000000000e+00
8.434988179669031250e-02
5.862884160756501491e-03
4.633569739952718598e-03
1.938534278959810897e-02
0.000000000000000000e+00
1.891252955082742390e-04
2.562647754137115791e-02
1.730496453900709150e-02
0.000000000000000000e+00
1.191489361702127714e-02
7.470449172576831831e-03
5.437352245862884376e-02
9.456264775413711951e-05
2.903073286052009622e-02
7.565011820330969560e-04
1.513002364066193782e-02
2.836879432624113450e-04
2.089834515366430223e-02
2.742316784869976154e-03
5.673758865248226899e-04
1.323877068557919538e-03
1.134751773049645380e-03
9.456264775413711951e-05
4.728132387706855677e-03
6.903073286052009358e-03
1.134751773049645380e-03
5.872340425531914765e-02
3.374940898345153428e-01
3.479905437352245889e-02
9.078014184397163039e-03
8.983451536643026827e-03
2.364066193853427839e-03
1.030732860520094593e-02
0.000000000000000000e+00
5.200945626477541071e-03
4.066193853427896125e-03
0.000000000000000000e+00
3.252955082742316900e-02
8.633569739952719202e-02
4.529550827423167725e-02
1.702127659574468070e-03
6.997635933806146957e-02
3.791962174940898683e-02
7.933806146572104645e-02
1.673758865248227076e-02
2.411347517730496465e-02
4.633569739952718598e-03
1.040189125295508214e-02
2.836879432624113406e-02
1.040189125295508301e-03
1.929078014184397102e-02
1.461938534278959811e-01
4.917257683215129835e-03
7.489361702127660114e-02
1.342789598108747040e-02
2.269503546099290760e-03
2.269503546099290760e-03
2.841418439716312250e+00
7.405957446808510980e+00
1.540425531914893620e+00
2.634799054373522242e+00
7.235933806146571667e-01
2.631678486997636179e-01
6.330023640661938122e-01
1.947706855791962122e+00
3.508274231678486926e-02
1.514799054373522358e+00
1.707801418439716390e-01
3.404255319148936140e-03
2.521040189125295372e-01
4.330969267139479772e-02
6.335697399527186191e-02
5.484633569739952308e-03
3.725768321513002468e-02
4.964539007092198530e-01
3.043026004728132117e-01
4.406619385342789436e-02
1.228368794326241131e-01
1.096926713947990462e-02
1.059101654846335630e-02
3.111111111111111022e-02
9.456264775413711951e-05
4.224113475177304622e+00
1.564728132387706916e+00
1.366619385342789705e+00
2.452009456264775400e-01
2.608983451536642795e-01
1.357919621749409111e-01
3.347517730496454152e-02
2.619385342789598212e-02
4.397163120567375988e-02
1.049645390070921974e-01
2.398108747044917222e-01
2.316784869976359212e-02
6.619385342789598121e-03
6.903073286052009358e-03
1.543262411347517682e-01
9.683215130023641037e-02
1.261465721040189170e+00
1.724822695035460873e-01
5.314420803782506086e-02
8.501182033096926771e-02
3.678486997635933842e-02
5.478676122931442016e+00
1.210543735224586293e+01
4.005673758865248013e-01
3.611347517730496559e-01
2.908368794326241069e+00
1.104302600472813145e+00
3.396879432624113626e+00
5.527186761229314627e-01
7.895981087470449467e-02
3.309692671394799061e-03
8.988179669030732510e-01
4.514420803782505653e-01
1.864397163120567358e+00
4.587234042553191560e-01
7.355082742316785271e-01
4.368794326241134951e-02
1.093144208037825083e-01
3.404255319148936140e-03
7.565011820330969560e-04
0.000000000000000000e+00
1.719148936170212805e-01
1.593380614657210481e-01
2.939007092198581694e-01
8.179669030732859836e-02
6.638297872340424843e-02
8.643026004728132650e-02
7.871394799054373115e-01
2.591016548463356828e-01
1.625531914893617036e-01
5.896926713947990839e-01
1.702127659574468113e-02
5.484633569739952308e-03
1.314420803782505830e-02
3.215130023640661722e-02
2.496453900709219922e-02
2.638297872340425454e-02
1.791016548463356950e-01
1.350354609929078076e-01
1.815602836879432608e-02
2.260047281323877139e-02
6.903073286052009358e-03
3.687943262411347376e-03
1.563120567375886616e-01
7.375886524822694579e-02
2.174940898345153681e-03
1.891252955082742390e-04
6.619385342789597688e-04
1.418439716312056703e-02
3.120567375886524903e-03
0.000000000000000000e+00
0.000000000000000000e+00
2.836879432624113450e-04
3.234042553191489311e-02
9.456264775413711951e-05
0.000000000000000000e+00
3.035460992907801359e-02
3.687943262411347376e-03
7.565011820330969560e-04
6.997635933806146437e-03
1.656737588652482385e-01
9.267139479905437197e-03
6.241134751773049806e-03
1.354137115839243455e-01
1.796690307328605149e-03
3.498817966903073218e-03
0.000000000000000000e+00
1.040189125295508301e-03
3.375886524822695189e-02
9.456264775413711951e-05
8.510638297872340349e-04
1.579196217494089824e-02
3.984306572104008737e+00
1.453793853427897964e-01
2.849019858156042861e+00
5.881153664302601891e-02
9.602137115839243231e-01
8.229171347517764801e+00
-1.473541938534273399e+00
1.261938534278959608e-03
1.502145626477540963e-01
-7.324070921985832427e-01
1.644024018912530583e+00
3.319840189125298213e-01
-8.415184869976349846e-01
1.728847281323881768e+00
1.980081229314416102e+00
6.895517730496450448e-02
1.217359716312054196e+00
5.317749408983463155e-01
2.477912056737594959e+00
2.887341843971627520e-01
3.663356973995271579e-03
3.156784869976359768e-03
1.134373522458628812e-03
2.002931442080377843e-03
1.839300236406620978e-02
-1.624189125295509573e-02
9.156501182033097196e-04
2.235039243498817552e-01
2.515133806146571116e-01
1.285401408983450366e+01
2.311467120567361277e+01
6.426590449172583597e+00
1.976544680851063385e-01
0.000000000000000000e+00
0.000000000000000000e+00
1.165957446808510726e-04
-2.437560283687941753e-01
0.000000000000000000e+00
0.000000000000000000e+00
1.996141843971631358e-02
4.643593380614657179e-02
1.459618912529548895e-01
7.903640661938531042e-02
-6.234988179669030857e-03
-5.744700709219898727e-01
-1.914704491725768322e-03
5.190125390070918776e+00
1.233208699763595151e+00
6.127498817966906680e-02
6.489106382978723775e-02
0.000000000000000000e+00
0.000000000000000000e+00
0.000000000000000000e+00
0.000000000000000000e+00
0.000000000000000000e+00
-4.426950354609928903e-03
-9.550827423167848650e-04
0.000000000000000000e+00
0.000000000000000000e+00
0.000000000000000000e+00
0.000000000000000000e+00
0.000000000000000000e+00
0.000000000000000000e+00
-8.170212765957447039e-04
0.000000000000000000e+00
-4.713002364066193957e-04
0.000000000000000000e+00
0.000000000000000000e+00
0.000000000000000000e+00
2.408510638297872014e-04
0.000000000000000000e+00
-3.585815602836879491e-04
0.000000000000000000e+00
0.000000000000000000e+00
0.000000000000000000e+00
0.000000000000000000e+00
0.000000000000000000e+00
-8.921985815602837336e-04
0.000000000000000000e+00
0.000000000000000000e+00
0.000000000000000000e+00
0.000000000000000000e+00
0.000000000000000000e+00
0.000000000000000000e+00
0.000000000000000000e+00
-2.100425531914894457e-03
2.173049645390070950e+00
3.744680851063830057e-02
4.617683215130023555e+00
1.059101654846335630e-02
5.660520094562647708e-01
4.660898345153664302e+00
2.412576832151300366e+00
4.728132387706855569e-04
6.174940898345153417e-02
2.080000000000000071e+00
3.356122931442080404e+00
4.226004728132387589e-01
6.274231678486997810e-01
3.111111111111111160e-01
7.179196217494089316e-01
9.361702127659575143e-03
6.629787234042553434e-01
1.324822695035461073e-01
5.854373522458629076e-01
3.196217494089834826e-02
1.040189125295508301e-03
1.513002364066193912e-03
1.891252955082742390e-04
1.513002364066193912e-03
2.449172576832151296e-02
2.137115839243498849e-02
1.229314420803782459e-03
1.290780141843971551e-01
8.009456264775413614e-02
1.311016548463356912e+00
1.908085106382978680e+00
1.158676122931442176e+00
3.669030732860520394e-02
0.000000000000000000e+00
0.000000000000000000e+00
8.510638297872340349e-04
5.068557919621749508e-02
0.000000000000000000e+00
0.000000000000000000e+00
5.200945626477541071e-03
9.267139479905437197e-03
1.055319148936170182e-01
5.796690307328605102e-02
4.822695035460992756e-03
1.368321513002364043e-01
1.891252955082742390e-04
3.836406619385342998e-01
2.044444444444444564e-01
1.853427895981087439e-02
3.271867612293144489e-02
0.000000000000000000e+00
0.000000000000000000e+00
0.000000000000000000e+00
0.000000000000000000e+00
0.000000000000000000e+00
3.498817966903073218e-03
1.891252955082742390e-04
0.000000000000000000e+00
0.000000000000000000e+00
0.000000000000000000e+00
0.000000000000000000e+00
0.000000000000000000e+00
0.000000000000000000e+00
7.565011820330969560e-04
0.000000000000000000e+00
9.456264775413711951e-05
0.000000000000000000e+00
0.000000000000000000e+00
0.000000000000000000e+00
7.565011820330969560e-04
0.000000000000000000e+00
9.456264775413711951e-05
0.000000000000000000e+00
0.000000000000000000e+00
0.000000000000000000e+00
0.000000000000000000e+00
0.000000000000000000e+00
1.891252955082742390e-04
0.000000000000000000e+00
0.000000000000000000e+00
0.000000000000000000e+00
0.000000000000000000e+00
0.000000000000000000e+00
0.000000000000000000e+00
0.000000000000000000e+00
1.229314420803782459e-03
2.435933806146572067e+00
1.011820330969267177e-02
1.140425531914893570e-01
5.135697399527187068e-01
3.691725768321513224e-01
3.024113475177305221e-01
4.487943262411347445e-01
3.113947990543735056e-01
3.286997635933806006e-01
3.516784869976359307e-01
1.313569739952718640e+00
4.728132387706855677e-02
1.497304964539007077e+00
1.657115839243498812e+00
1.399527186761229336e+00
1.434515366430260119e+00
1.478297872340425423e+00
1.113096926713947887e+00
1.217210401891252847e+00
1.163120567375886427e+00
3.151773049645389957e-01
2.174940898345153681e-03
4.198581560283688036e-02
7.744680851063830140e-02
6.458628841607565174e-02
5.531914893617020934e-02
8.784869976359338528e-02
8.226950354609928462e-02
9.985815602836879690e-02
8.189125295508274671e-02
3.026004728132387824e-03
3.578250591016548521e-01
6.903073286052009705e-02
7.366430260047281131e-02
1.051536643026004664e-01
1.071394799054373459e-01
7.224586288416075253e-02
5.938534278959810980e-02
7.574468085106382531e-02
6.089834515366430306e-02
0.000000000000000000e+00
1.891252955082742390e-04
2.310921985815602930e+00
2.861182033096926869e+00
2.644160756501181986e+00
2.590638297872340345e+00
2.414940898345153464e+00
2.209739952718676292e+00
2.025815602836879226e+00
1.808605200945626379e+00
6.179385342789598390e+00
2.016075650118203388e-01
2.151205673758865178e+00
1.874326241134751880e+00
1.899196217494089733e+00
2.328794326241134804e+00
1.991678486997635833e+00
1.724633569739952632e+00
1.736832151300236493e+00
1.464869976359338022e+00
3.735224586288415916e-02
7.470449172576831831e-03
2.068085106382978600e-01
1.772104018912529499e-01
1.931914893617021345e-01
1.686052009456264766e-01
2.178723404255319129e-01
1.359810874704491801e-01
1.812765957446808573e-01
1.878959810874704373e-01
1.201891252955082784e-01
7.661465721040189303e-01
2.577777777777777724e-01
1.570685579196217374e-01
2.813238770685579371e-01
2.287470449172576969e-01
2.031205673758865182e-01
2.054846335697399495e-01
2.010401891252955042e-01
2.028368794326241009e-01
0.000000000000000000e+00
4.728132387706855569e-04
6.001607565011820355e+00
7.165390070921985988e+00
8.024113475177305332e+00
7.316879432624113555e+00
6.540047281323877471e+00
6.296359338061465749e+00
5.596784869976358934e+00
4.822978723404255597e+00
4.346099290780142121e-01
0.000000000000000000e+00
1.617021276595744655e-02
3.026004728132387824e-03
1.144208037825059088e-02
4.444444444444444441e-03
1.125295508274231672e-02
5.200945626477541071e-03
1.323877068557919624e-02
8.699763593380614723e-03
2.836879432624113450e-04
5.862884160756501491e-03
1.607565011820330861e-02
4.349881796690307362e-03
1.002364066193853383e-02
1.144208037825059088e-02
9.834515366430259670e-03
7.375886524822694752e-03
1.172576832151300298e-02
5.200945626477541071e-03
2.836879432624113450e-04
5.673758865248226899e-04
2.832151300236406821e-01
2.488888888888888817e-01
2.729078014184397327e-01
2.377304964539007082e-01
2.540898345153664306e-01
2.379196217494089771e-01
2.239243498817966860e-01
2.194799054373522407e-01
4.860520094562647553e-01
5.579196217494090254e-03
1.560283687943262408e-02
3.082742316784869985e-02
2.023640661938534355e-02
1.087470449172576840e-02
1.598108747044917413e-02
1.541371158392434992e-02
1.427895981087470498e-02
2.326241134751773007e-02
3.555555555555555552e-02
1.380614657210401941e-01
2.758392434988179431e-01
3.093144208037825194e-01
3.051536643026004914e-01
2.817966903073286233e-01
2.595744680851063690e-01
2.629787234042553212e-01
2.646808510638297696e-01
2.746099290780141811e-01
1.232756501182033126e+01
8.971252955082741565e+00
1.110127659574468062e+01
9.633569739952719146e+00
8.206713947990543545e+00
7.914137115839243286e+00
7.635555555555555429e+00
6.581843971631205825e+00
5.629030732860520025e+00
4.906572104018912306e+00
4.501106382978723275e+01
1.134344208037825013e+02
8.083026004728132818e+00
1.097210401891252962e+00
1.096926713947990528e+01
4.584491725768321757e+00
4.213711583924349968e-01
4.878486997635934075e-01
1.405309692671394828e+02
1.737115839243498883e+01
1.948368794326241105e+00
1.093947990543735216e+01
5.853617021276595445e+00
3.998108747044917255e-01
1.529929078014184318e+00
1.299007092198581459e+00
6.269503546099290670e-02
8.537115839243498705e-01
4.519148936170212516e-01
3.177304964539007237e-02
1.418439716312056833e-03
8.245862884160756745e-02
1.488416075650118298e-01
6.070921985815602717e-02
7.943262411347518093e-03
2.269503546099290760e-03
2.648132387706855884e+00
5.647281323877068049e-01
7.725768321513001857e-02
2.014184397163120560e-02
5.125295508274231304e-01
2.108747044917257812e-02
4.113475177304964231e-02
1.541371158392434992e-02
1.702127659574468070e-03
2.644917257683215284e-01
9.909219858156028682e-01
8.104964539007092350e-01
9.048699763593380796e-01
2.155082742316784816e-01
1.314420803782505830e-02
1.703073286052009527e-01
1.424113475177304911e-01
1.598108747044917413e-02
1.267139479905437377e-02
3.498817966903073218e-03
9.456264775413711137e-04
1.040189125295508301e-03
1.018439716312056764e-01
6.307328605200945848e-02
6.052009456264775128e-02
5.200945626477541071e-03
0.000000000000000000e+00
4.728132387706855569e-04
0.000000000000000000e+00
0.000000000000000000e+00
9.456264775413711951e-05
0.000000000000000000e+00
3.782505910165484780e-04
2.080378250591016602e-03
1.121513002364066258e-01
3.669030732860520394e-02
0.000000000000000000e+00
0.000000000000000000e+00
0.000000000000000000e+00
0.000000000000000000e+00
3.498817966903073218e-03
3.782505910165484780e-04
2.269503546099290760e-03
5.862884160756501491e-03
1.796690307328605149e-03
2.836879432624113450e-04
0.000000000000000000e+00
0.000000000000000000e+00
0.000000000000000000e+00
0.000000000000000000e+00
0.000000000000000000e+00
5.673758865248226899e-04
0.000000000000000000e+00
1.891252955082742390e-04
0.000000000000000000e+00
0.000000000000000000e+00
0.000000000000000000e+00
0.000000000000000000e+00
0.000000000000000000e+00
9.456264775413711951e-05
0.000000000000000000e+00
0.000000000000000000e+00
0.000000000000000000e+00
0.000000000000000000e+00
1.891252955082742390e-04
0.000000000000000000e+00
0.000000000000000000e+00
0.000000000000000000e+00
0.000000000000000000e+00
0.000000000000000000e+00
0.000000000000000000e+00
0.000000000000000000e+00
1.323877068557919538e-03
0.000000000000000000e+00
0.000000000000000000e+00
0.000000000000000000e+00
0.000000000000000000e+00
0.000000000000000000e+00
0.000000000000000000e+00
0.000000000000000000e+00
0.000000000000000000e+00
0.000000000000000000e+00
0.000000000000000000e+00
0.000000000000000000e+00
0.000000000000000000e+00
0.000000000000000000e+00
0.000000000000000000e+00
9.456264775413711951e-05
9.866666666666666918e-01
8.092671394799054729e-01
9.168794326241134218e-01
2.110638297872340363e-01
3.205673758865248274e-02
1.635933806146571967e-01
1.395744680851063735e-01
1.531914893617021198e-02
1.257683215130023582e-02
3.593380614657210297e-03
9.456264775413711137e-04
1.891252955082742227e-03
3.100709219858155952e-01
4.775413711583924581e-01
7.498817966903073562e-02
2.174940898345153681e-03
2.553191489361701996e-03
5.673758865248227333e-03
1.134751773049645380e-03
0.000000000000000000e+00
1.513002364066193912e-03
2.836879432624113450e-04
9.456264775413711951e-05
5.390070921985815611e-01
1.295508274231678414e-02
6.808510638297872279e-03
6.997635933806146437e-03
8.510638297872340349e-04
0.000000000000000000e+00
0.000000000000000000e+00
0.000000000000000000e+00
0.000000000000000000e+00
0.000000000000000000e+00
7.754137115839243068e-03
1.891252955082742390e-04
1.891252955082742227e-03
2.458628841607564917e-03
2.836879432624113450e-04
0.000000000000000000e+00
0.000000000000000000e+00
0.000000000000000000e+00
9.456264775413711951e-05
6.335697399527186885e-03
9.456264775413711951e-05
5.673758865248226899e-04
0.000000000000000000e+00
0.000000000000000000e+00
0.000000000000000000e+00
0.000000000000000000e+00
0.000000000000000000e+00
6.382978723404254817e-02
2.836879432624113450e-04
2.836879432624113450e-04
0.000000000000000000e+00
0.000000000000000000e+00
0.000000000000000000e+00
0.000000000000000000e+00
6.808510638297872279e-03
1.891252955082742390e-04
0.000000000000000000e+00
0.000000000000000000e+00
0.000000000000000000e+00
0.000000000000000000e+00
9.456264775413711951e-05
0.000000000000000000e+00
0.000000000000000000e+00
0.000000000000000000e+00
0.000000000000000000e+00
9.456264775413711951e-05
0.000000000000000000e+00
0.000000000000000000e+00
0.000000000000000000e+00
0.000000000000000000e+00
0.000000000000000000e+00
0.000000000000000000e+00
9.456264775413711951e-05
0.000000000000000000e+00
5.673758865248226899e-04
9.803309692671394737e-01
7.901654846335697258e-01
9.067612293144208246e-01
2.079432624113475292e-01
3.101654846335697227e-02
1.610401891252954965e-01
1.330496453900709142e-01
1.380614657210401872e-02
1.200945626477541335e-02
3.593380614657210297e-03
9.456264775413711137e-04
1.796690307328605149e-03
3.200945626477541550e-01
4.609929078014184389e-01
9.900709219858155885e-02
3.215130023640661982e-03
4.312056737588652183e-02
2.893617021276595827e-02
4.349881796690307362e-03
6.335697399527186885e-03
0.000000000000000000e+00
9.456264775413711951e-05
1.891252955082742390e-04
3.216075650118203066e-01
5.021276595744680882e-02
9.739952718676123458e-03
3.281323877068557937e-02
1.919621749408983308e-02
3.877068557919621534e-03
2.836879432624113666e-03
6.619385342789597688e-04
1.891252955082742390e-04
8.510638297872340349e-04
4.917257683215129835e-03
6.619385342789597688e-04
2.836879432624113666e-03
6.808510638297872279e-03
2.836879432624113450e-04
1.891252955082742390e-04
0.000000000000000000e+00
0.000000000000000000e+00
9.456264775413711951e-05
2.836879432624113450e-04
9.456264775413711951e-05
9.456264775413711951e-05
0.000000000000000000e+00
0.000000000000000000e+00
0.000000000000000000e+00
0.000000000000000000e+00
0.000000000000000000e+00
7.281323877068557673e-03
5.673758865248227333e-03
4.728132387706855569e-04
0.000000000000000000e+00
9.456264775413711951e-05
0.000000000000000000e+00
0.000000000000000000e+00
9.267139479905437197e-03
7.565011820330969560e-04
0.000000000000000000e+00
0.000000000000000000e+00
0.000000000000000000e+00
0.000000000000000000e+00
5.673758865248226899e-04
0.000000000000000000e+00
0.000000000000000000e+00
0.000000000000000000e+00
0.000000000000000000e+00
0.000000000000000000e+00
0.000000000000000000e+00
0.000000000000000000e+00
0.000000000000000000e+00
0.000000000000000000e+00
0.000000000000000000e+00
0.000000000000000000e+00
0.000000000000000000e+00
0.000000000000000000e+00
0.000000000000000000e+00
9.669030732860519617e-01
7.808037825059102044e-01
9.098817966903073318e-01
2.075650118203309635e-01
2.836879432624113406e-02
1.669030732860520005e-01
1.373995271867612389e-01
1.475177304964538950e-02
1.229314420803782545e-02
3.593380614657210297e-03
7.565011820330969560e-04
1.513002364066193912e-03
2.757446808510638503e-01
4.271394799054373248e-01
7.026004728132387300e-02
8.037825059101654304e-03
4.018912529550827673e-02
4.075650118203309746e-02
3.404255319148936140e-03
3.877068557919621534e-03
6.619385342789597688e-04
3.782505910165484780e-04
5.673758865248226899e-04
3.669976359338061322e-01
8.643026004728132650e-02
1.484633569739952745e-02
2.486997635933806128e-02
2.808510638297872369e-02
1.323877068557919538e-03
6.241134751773049806e-03
1.607565011820330991e-03
1.891252955082742390e-04
3.782505910165484780e-04
1.238770685579196167e-02
4.728132387706855569e-04
4.917257683215129835e-03
4.160756501182033204e-03
6.619385342789597688e-04
0.000000000000000000e+00
9.456264775413711951e-05
0.000000000000000000e+00
1.891252955082742390e-04
1.796690307328605149e-03
3.782505910165484780e-04
1.891252955082742227e-03
2.836879432624113450e-04
0.000000000000000000e+00
0.000000000000000000e+00
0.000000000000000000e+00
0.000000000000000000e+00
1.550827423167848614e-02
3.593380614657210297e-03
1.418439716312056833e-03
1.134751773049645380e-03
0.000000000000000000e+00
0.000000000000000000e+00
0.000000000000000000e+00
1.825059101654846402e-02
5.673758865248226899e-04
1.891252955082742390e-04
2.836879432624113450e-04
0.000000000000000000e+00
0.000000000000000000e+00
7.565011820330969560e-04
0.000000000000000000e+00
0.000000000000000000e+00
0.000000000000000000e+00
0.000000000000000000e+00
7.754137115839243068e-03
0.000000000000000000e+00
0.000000000000000000e+00
0.000000000000000000e+00
0.000000000000000000e+00
0.000000000000000000e+00
0.000000000000000000e+00
1.891252955082742390e-04
0.000000000000000000e+00
0.000000000000000000e+00
9.412765957446808107e-01
7.687943262411347511e-01
8.829314420803782149e-01
1.943262411347517760e-01
2.732860520094562706e-02
1.585815602836879445e-01
1.193380614657210403e-01
1.153664302600472882e-02
1.059101654846335630e-02
2.742316784869976154e-03
8.510638297872340349e-04
1.040189125295508301e-03
2.290307328605200865e-01
4.336643026004728396e-01
6.732860520094562096e-02
1.087470449172576840e-02
6.799054373522459005e-02
4.860520094562647414e-02
6.524822695035461043e-03
7.848699763593380146e-03
1.229314420803782459e-03
2.836879432624113450e-04
3.782505910165484780e-04
3.844917257683215239e-01
8.803782505910165423e-02
1.446808510638297914e-02
4.756501182033096714e-02
4.349881796690307362e-02
4.160756501182033204e-03
6.903073286052009358e-03
1.134751773049645380e-03
2.836879432624113450e-04
6.619385342789597688e-04
6.052009456264775648e-03
1.040189125295508301e-03
4.822695035460992756e-03
7.659574468085105989e-03
1.891252955082742390e-04
0.000000000000000000e+00
0.000000000000000000e+00
0.000000000000000000e+00
0.000000000000000000e+00
4.728132387706855569e-04
2.836879432624113450e-04
1.891252955082742390e-04
0.000000000000000000e+00
0.000000000000000000e+00
0.000000000000000000e+00
0.000000000000000000e+00
0.000000000000000000e+00
9.929078014184397616e-03
2.269503546099290760e-03
3.782505910165484780e-04
0.000000000000000000e+00
9.456264775413711951e-05
0.000000000000000000e+00
0.000000000000000000e+00
2.553191489361701996e-03
0.000000000000000000e+00
0.000000000000000000e+00
9.456264775413711951e-05
0.000000000000000000e+00
0.000000000000000000e+00
9.456264775413711951e-05
0.000000000000000000e+00
0.000000000000000000e+00
0.000000000000000000e+00
0.000000000000000000e+00
0.000000000000000000e+00
0.000000000000000000e+00
0.000000000000000000e+00
0.000000000000000000e+00
0.000000000000000000e+00
0.000000000000000000e+00
0.000000000000000000e+00
0.000000000000000000e+00
0.000000000000000000e+00
1.891252955082742390e-04
9.174468085106383120e-01
7.351300236406619337e-01
8.383924349881797244e-01
1.841134751773049749e-01
2.704491725768321669e-02
1.513002364066193817e-01
1.266193853427896032e-01
1.333333333333333419e-02
1.219858156028368751e-02
2.931442080378250745e-03
5.673758865248226899e-04
7.565011820330969560e-04
2.225059101654846272e-01
4.227895981087470556e-01
6.165484633569739970e-02
7.943262411347518093e-03
5.806146572104019243e-02
4.416075650118203577e-02
3.687943262411347376e-03
5.106382978723403993e-03
3.782505910165484780e-04
9.456264775413711951e-05
9.456264775413711951e-05
3.585815602836879279e-01
5.966903073286052017e-02
1.134751773049645467e-02
5.115839243498818134e-02
4.189125295508273894e-02
2.647754137115839075e-03
5.862884160756501491e-03
7.565011820330969560e-04
9.456264775413711951e-05
4.728132387706855569e-04
6.052009456264775648e-03
5.673758865248226899e-04
9.645390070921985512e-03
5.957446808510638570e-03
9.456264775413711951e-05
0.000000000000000000e+00
9.456264775413711951e-05
0.000000000000000000e+00
1.891252955082742390e-04
1.040189125295508301e-03
8.510638297872340349e-04
6.619385342789597688e-04
2.836879432624113450e-04
0.000000000000000000e+00
0.000000000000000000e+00
0.000000000000000000e+00
0.000000000000000000e+00
5.768321513002364412e-03
2.080378250591016602e-03
2.836879432624113450e-04
2.836879432624113450e-04
0.000000000000000000e+00
1.891252955082742390e-04
0.000000000000000000e+00
3.971631205673759046e-03
0.000000000000000000e+00
0.000000000000000000e+00
0.000000000000000000e+00
0.000000000000000000e+00
0.000000000000000000e+00
9.456264775413711951e-05
0.000000000000000000e+00
0.000000000000000000e+00
0.000000000000000000e+00
0.000000000000000000e+00
2.836879432624113450e-04
0.000000000000000000e+00
0.000000000000000000e+00
0.000000000000000000e+00
0.000000000000000000e+00
0.000000000000000000e+00
0.000000000000000000e+00
0.000000000000000000e+00
0.000000000000000000e+00
0.000000000000000000e+00
8.869976359338060945e-01
6.788652482269503796e-01
8.039716312056737202e-01
1.667139479905437316e-01
2.477541371158392333e-02
1.535697399527186646e-01
1.223640661938534269e-01
1.229314420803782545e-02
1.172576832151300298e-02
2.458628841607564917e-03
5.673758865248226899e-04
5.673758865248226899e-04
1.933806146572104034e-01
3.670921985815602806e-01
6.439716312056738279e-02
8.037825059101654304e-03
5.806146572104019243e-02
4.189125295508273894e-02
4.066193853427896125e-03
2.553191489361701996e-03
2.836879432624113450e-04
9.456264775413711951e-05
0.000000000000000000e+00
3.102600472813238919e-01
5.995271867612293054e-02
8.605200945626476777e-03
5.758865248226950617e-02
4.037825059101654568e-02
3.971631205673759046e-03
7.565011820330968910e-03
1.040189125295508301e-03
1.891252955082742390e-04
6.619385342789597688e-04
5.011820330969266914e-03
5.673758865248226899e-04
5.484633569739952308e-03
3.026004728132387824e-03
4.728132387706855569e-04
0.000000000000000000e+00
9.456264775413711951e-05
0.000000000000000000e+00
0.000000000000000000e+00
1.040189125295508301e-03
3.782505910165484780e-04
7.565011820330969560e-04
0.000000000000000000e+00
0.000000000000000000e+00
0.000000000000000000e+00
0.000000000000000000e+00
0.000000000000000000e+00
4.160756501182033204e-03
3.120567375886524903e-03
5.673758865248226899e-04
0.000000000000000000e+00
9.456264775413711951e-05
0.000000000000000000e+00
0.000000000000000000e+00
2.364066193853427839e-03
4.728132387706855569e-04
3.782505910165484780e-04
0.000000000000000000e+00
0.000000000000000000e+00
0.000000000000000000e+00
2.836879432624113450e-04
0.000000000000000000e+00
0.000000000000000000e+00
0.000000000000000000e+00
0.000000000000000000e+00
1.134751773049645380e-03
0.000000000000000000e+00
0.000000000000000000e+00
0.000000000000000000e+00
0.000000000000000000e+00
0.000000000000000000e+00
0.000000000000000000e+00
0.000000000000000000e+00
0.000000000000000000e+00
0.000000000000000000e+00
8.236406619385342465e-01
6.247754137115839601e-01
7.591489361702127292e-01
1.588652482269503619e-01
2.382978723404255428e-02
1.429787234042553257e-01
1.127186761229314466e-01
1.153664302600472882e-02
9.834515366430259670e-03
2.174940898345153681e-03
4.728132387706855569e-04
2.836879432624113450e-04
1.643498817966903003e-01
3.169739952718675924e-01
5.030732860520094329e-02
8.794326241134750935e-03
4.917257683215130182e-02
3.583924349881796589e-02
4.066193853427896125e-03
1.134751773049645380e-03
6.619385342789597688e-04
0.000000000000000000e+00
0.000000000000000000e+00
2.744208037825058843e-01
5.002364066193853293e-02
8.605200945626476777e-03
4.605200945626477388e-02
3.423167848699763816e-02
2.553191489361701996e-03
5.579196217494090254e-03
3.782505910165484780e-04
1.891252955082742390e-04
0.000000000000000000e+00
1.286052009456264793e-02
0.000000000000000000e+00
4.822695035460992756e-03
4.160756501182033204e-03
2.836879432624113450e-04
0.000000000000000000e+00
0.000000000000000000e+00
0.000000000000000000e+00
1.891252955082742390e-04
9.456264775413711951e-05
4.728132387706855569e-04
2.836879432624113450e-04
1.891252955082742390e-04
0.000000000000000000e+00
0.000000000000000000e+00
0.000000000000000000e+00
0.000000000000000000e+00
4.255319148936170283e-03
4.255319148936170283e-03
6.619385342789597688e-04
5.673758865248226899e-04
0.000000000000000000e+00
0.000000000000000000e+00
0.000000000000000000e+00
4.066193853427896125e-03
1.891252955082742390e-04
3.782505910165484780e-04
0.000000000000000000e+00
0.000000000000000000e+00
0.000000000000000000e+00
2.836879432624113450e-04
0.000000000000000000e+00
0.000000000000000000e+00
0.000000000000000000e+00
0.000000000000000000e+00
2.836879432624113450e-04
0.000000000000000000e+00
0.000000000000000000e+00
0.000000000000000000e+00
0.000000000000000000e+00
0.000000000000000000e+00
0.000000000000000000e+00
0.000000000000000000e+00
0.000000000000000000e+00
0.000000000000000000e+00
7.563120567375886116e-01
5.318203309692671743e-01
6.826477541371158697e-01
1.371158392434988216e-01
2.023640661938534355e-02
1.339007092198581661e-01
9.843971631205673811e-02
1.096926713947990462e-02
8.132387706855792250e-03
1.607565011820330991e-03
4.728132387706855569e-04
1.891252955082742390e-04
1.652009456264775522e-01
3.006146572104018699e-01
3.716312056737588326e-02
5.295508274231678150e-03
4.784869976359337751e-02
3.205673758865248274e-02
3.498817966903073218e-03
2.269503546099290760e-03
6.619385342789597688e-04
9.456264775413711951e-05
0.000000000000000000e+00
2.417966903073286156e-01
4.037825059101654568e-02
5.106382978723403993e-03
3.924349881796690420e-02
2.969267139479905490e-02
3.026004728132387824e-03
4.633569739952718598e-03
1.891252955082742390e-04
1.891252955082742390e-04
1.891252955082742390e-04
3.309692671394799061e-03
9.456264775413711951e-05
5.106382978723403993e-03
3.026004728132387824e-03
1.891252955082742390e-04
9.456264775413711951e-05
0.000000000000000000e+00
0.000000000000000000e+00
0.000000000000000000e+00
0.000000000000000000e+00
1.323877068557919538e-03
1.891252955082742390e-04
0.000000000000000000e+00
0.000000000000000000e+00
0.000000000000000000e+00
0.000000000000000000e+00
0.000000000000000000e+00
4.822695035460992756e-03
2.742316784869976154e-03
6.619385342789597688e-04
5.673758865248226899e-04
9.456264775413711951e-05
0.000000000000000000e+00
0.000000000000000000e+00
1.040189125295508301e-03
3.782505910165484780e-04
4.728132387706855569e-04
2.836879432624113450e-04
0.000000000000000000e+00
0.000000000000000000e+00
0.000000000000000000e+00
9.456264775413711951e-05
9.456264775413711951e-05
0.000000000000000000e+00
0.000000000000000000e+00
0.000000000000000000e+00
0.000000000000000000e+00
0.000000000000000000e+00
0.000000000000000000e+00
0.000000000000000000e+00
0.000000000000000000e+00
0.000000000000000000e+00
0.000000000000000000e+00
0.000000000000000000e+00
0.000000000000000000e+00
6.820803782505909796e-01
4.645862884160756323e-01
6.231678486997636046e-01
1.109219858156028360e-01
1.531914893617021198e-02
1.270921985815602895e-01
8.765957446808510245e-02
8.510638297872340566e-03
6.146572104018912727e-03
1.607565011820330991e-03
3.782505910165484780e-04
1.891252955082742390e-04
1.298345153664302587e-01
2.330969267139479939e-01
3.319148936170212422e-02
7.470449172576831831e-03
4.302600472813238736e-02
1.938534278959810897e-02
2.269503546099290760e-03
3.782505910165484780e-04
2.836879432624113450e-04
0.000000000000000000e+00
0.000000000000000000e+00
2.475650118203309713e-01
3.687943262411347289e-02
7.186761229314420595e-03
3.924349881796690420e-02
2.288416075650118175e-02
3.215130023640661982e-03
3.404255319148936140e-03
3.782505910165484780e-04
9.456264775413711951e-05
0.000000000000000000e+00
3.593380614657210297e-03
5.673758865248226899e-04
3.026004728132387824e-03
2.080378250591016602e-03
1.891252955082742390e-04
0.000000000000000000e+00
0.000000000000000000e+00
0.000000000000000000e+00
0.000000000000000000e+00
0.000000000000000000e+00
7.565011820330969560e-04
9.456264775413711951e-05
0.000000000000000000e+00
0.000000000000000000e+00
0.000000000000000000e+00
0.000000000000000000e+00
0.000000000000000000e+00
7.848699763593380146e-03
2.458628841607564917e-03
1.891252955082742390e-04
0.000000000000000000e+00
9.456264775413711951e-05
0.000000000000000000e+00
0.000000000000000000e+00
4.539007092198581519e-03
5.673758865248226899e-04
9.456264775413711951e-05
2.836879432624113450e-04
0.000000000000000000e+00
0.000000000000000000e+00
0.000000000000000000e+00
0.000000000000000000e+00
0.000000000000000000e+00
0.000000000000000000e+00
0.000000000000000000e+00
6.619385342789597688e-04
0.000000000000000000e+00
0.000000000000000000e+00
0.000000000000000000e+00
0.000000000000000000e+00
0.000000000000000000e+00
0.000000000000000000e+00
0.000000000000000000e+00
0.000000000000000000e+00
0.000000000000000000e+00
1.883366430260047153e+01
5.524444444444444713e+00
5.060898345153664657e+00
4.568321513002364109e-01
2.505910165484633717e-02
3.817494089834515547e-01
2.005673758865248180e-01
1.853427895981087439e-02
3.271867612293144489e-02
3.593380614657210297e-03
4.255319148936170283e-03
1.607565011820330991e-03
1.478959810874704572e-01
9.664302600472812754e-02
6.988179669030733510e-02
7.754137115839243068e-03
0.000000000000000000e+00
6.619385342789597688e-04
0.000000000000000000e+00
0.000000000000000000e+00
1.891252955082742390e-04
0.000000000000000000e+00
6.619385342789597688e-04
2.080378250591016602e-03
3.657683215130023702e-01
1.739952718676122945e-01
0.000000000000000000e+00
0.000000000000000000e+00
0.000000000000000000e+00
0.000000000000000000e+00
6.903073286052009358e-03
1.985815602836879523e-03
6.619385342789598121e-03
6.335697399527186885e-03
2.742316784869976154e-03
1.134751773049645380e-03
0.000000000000000000e+00
0.000000000000000000e+00
0.000000000000000000e+00
0.000000000000000000e+00
0.000000000000000000e+00
2.458628841607564917e-03
0.000000000000000000e+00
1.891252955082742390e-04
0.000000000000000000e+00
0.000000000000000000e+00
0.000000000000000000e+00
0.000000000000000000e+00
0.000000000000000000e+00
9.456264775413711951e-05
0.000000000000000000e+00
0.000000000000000000e+00
0.000000000000000000e+00
0.000000000000000000e+00
5.673758865248226899e-04
0.000000000000000000e+00
0.000000000000000000e+00
0.000000000000000000e+00
0.000000000000000000e+00
0.000000000000000000e+00
0.000000000000000000e+00
0.000000000000000000e+00
3.215130023640661982e-03
0.000000000000000000e+00
0.000000000000000000e+00
0.000000000000000000e+00
0.000000000000000000e+00
0.000000000000000000e+00
0.000000000000000000e+00
0.000000000000000000e+00
0.000000000000000000e+00
0.000000000000000000e+00
0.000000000000000000e+00
0.000000000000000000e+00
0.000000000000000000e+00
0.000000000000000000e+00
0.000000000000000000e+00
1.891252955082742390e-04
2.598666666666666814e+01
6.408794326241134875e+00
7.132860520094562951e+00
6.584397163120567775e-01
6.997635933806146957e-02
5.504491725768321242e-01
3.639716312056737735e-01
3.196217494089834826e-02
6.458628841607565174e-02
8.037825059101654304e-03
2.080378250591016602e-03
5.390070921985815229e-03
7.377777777777777546e-01
1.142505910165484639e+00
1.356028368794326144e-01
3.687943262411347376e-03
3.782505910165484455e-03
8.037825059101654304e-03
1.607565011820330991e-03
0.000000000000000000e+00
1.513002364066193912e-03
2.836879432624113450e-04
2.836879432624113450e-04
1.327470449172576838e+00
1.796690307328605365e-02
9.645390070921985512e-03
1.900709219858156065e-02
1.323877068557919538e-03
0.000000000000000000e+00
0.000000000000000000e+00
0.000000000000000000e+00
0.000000000000000000e+00
0.000000000000000000e+00
9.929078014184397616e-03
3.782505910165484780e-04
3.498817966903073218e-03
2.647754137115839075e-03
2.836879432624113450e-04
0.000000000000000000e+00
0.000000000000000000e+00
0.000000000000000000e+00
7.565011820330969560e-04
8.605200945626476777e-03
1.891252955082742390e-04
2.647754137115839075e-03
0.000000000000000000e+00
0.000000000000000000e+00
0.000000000000000000e+00
0.000000000000000000e+00
0.000000000000000000e+00
2.039716312056737701e-01
4.728132387706855569e-04
5.673758865248226899e-04
0.000000000000000000e+00
0.000000000000000000e+00
0.000000000000000000e+00
0.000000000000000000e+00
1.153664302600472882e-02
2.836879432624113450e-04
0.000000000000000000e+00
0.000000000000000000e+00
0.000000000000000000e+00
0.000000000000000000e+00
2.836879432624113450e-04
0.000000000000000000e+00
0.000000000000000000e+00
0.000000000000000000e+00
0.000000000000000000e+00
2.836879432624113450e-04
0.000000000000000000e+00
0.000000000000000000e+00
0.000000000000000000e+00
0.000000000000000000e+00
0.000000000000000000e+00
0.000000000000000000e+00
9.456264775413711951e-05
0.000000000000000000e+00
8.510638297872340349e-04
2.652529550827423321e+01
6.284822695035461315e+00
9.546950354609929690e+00
6.802836879432624384e-01
8.226950354609928462e-02
7.137588652482269591e-01
4.017966903073286189e-01
3.120567375886524816e-02
8.463356973995271593e-02
1.002364066193853383e-02
3.215130023640661982e-03
5.673758865248227333e-03
6.945626477541371191e-01
1.109503546099290805e+00
1.378723404255319251e-01
3.404255319148936140e-03
9.371158392434987550e-02
4.520094562647754277e-02
7.281323877068557673e-03
1.815602836879432608e-02
0.000000000000000000e+00
9.456264775413711951e-05
1.891252955082742390e-04
1.046997635933806237e+00
6.695035460992908305e-02
5.787234042553191654e-02
6.392434988179669653e-02
3.631205673758865216e-02
4.728132387706855677e-03
7.848699763593380146e-03
6.619385342789597688e-04
1.891252955082742390e-04
2.458628841607564917e-03
5.390070921985815229e-03
7.565011820330969560e-04
4.349881796690307362e-03
7.470449172576831831e-03
2.836879432624113450e-04
1.891252955082742390e-04
0.000000000000000000e+00
0.000000000000000000e+00
3.782505910165484780e-04
4.728132387706855569e-04
9.456264775413711951e-05
2.836879432624113450e-04
0.000000000000000000e+00
0.000000000000000000e+00
0.000000000000000000e+00
0.000000000000000000e+00
0.000000000000000000e+00
3.290780141843971385e-02
6.808510638297872279e-03
9.456264775413711137e-04
0.000000000000000000e+00
9.456264775413711951e-05
0.000000000000000000e+00
0.000000000000000000e+00
1.588652482269503619e-02
7.565011820330969560e-04
0.000000000000000000e+00
0.000000000000000000e+00
0.000000000000000000e+00
0.000000000000000000e+00
7.565011820330969560e-04
0.000000000000000000e+00
0.000000000000000000e+00
0.000000000000000000e+00
0.000000000000000000e+00
0.000000000000000000e+00
0.000000000000000000e+00
0.000000000000000000e+00
0.000000000000000000e+00
0.000000000000000000e+00
0.000000000000000000e+00
0.000000000000000000e+00
0.000000000000000000e+00
0.000000000000000000e+00
0.000000000000000000e+00
2.370553191489361566e+01
6.217494089834515236e+00
1.090723404255319195e+01
5.953664302600473190e-01
7.725768321513001857e-02
7.458156028368794210e-01
3.417494089834515192e-01
2.940898345153664453e-02
6.704491725768321753e-02
7.470449172576831831e-03
2.080378250591016602e-03
4.917257683215129835e-03
5.355082742316784605e-01
9.572576832151300508e-01
1.045862884160756456e-01
9.739952718676123458e-03
8.463356973995271593e-02
5.248226950354609871e-02
4.066193853427896125e-03
1.418439716312056703e-02
6.619385342789597688e-04
5.673758865248226899e-04
6.619385342789597688e-04
1.114042553191489260e+00
1.809929078014184400e-01
2.978723404255319285e-02
4.037825059101654568e-02
4.312056737588652183e-02
2.080378250591016602e-03
2.666666666666666838e-02
1.796690307328605149e-03
2.836879432624113450e-04
1.702127659574468070e-03
1.427895981087470498e-02
4.728132387706855569e-04
7.659574468085105989e-03
5.106382978723403993e-03
6.619385342789597688e-04
0.000000000000000000e+00
9.456264775413711951e-05
0.000000000000000000e+00
3.782505910165484780e-04
2.553191489361701996e-03
1.040189125295508301e-03
3.687943262411347376e-03
3.782505910165484780e-04
0.000000000000000000e+00
0.000000000000000000e+00
0.000000000000000000e+00
0.000000000000000000e+00
4.255319148936170109e-02
7.186761229314420595e-03
1.796690307328605149e-03
1.229314420803782459e-03
0.000000000000000000e+00
0.000000000000000000e+00
0.000000000000000000e+00
2.572104018912529586e-02
5.673758865248226899e-04
1.891252955082742390e-04
3.782505910165484780e-04
0.000000000000000000e+00
0.000000000000000000e+00
8.510638297872340349e-04
0.000000000000000000e+00
0.000000000000000000e+00
0.000000000000000000e+00
0.000000000000000000e+00
2.364066193853427839e-02
0.000000000000000000e+00
0.000000000000000000e+00
0.000000000000000000e+00
0.000000000000000000e+00
0.000000000000000000e+00
0.000000000000000000e+00
1.891252955082742390e-04
0.000000000000000000e+00
0.000000000000000000e+00
2.273342789598108737e+01
5.943640661938534464e+00
9.579101654846335023e+00
5.134751773049645029e-01
8.075650118203309136e-02
6.601418439716312259e-01
3.000472813238770908e-01
2.297872340425531970e-02
6.345153664302601026e-02
3.877068557919621534e-03
2.931442080378250745e-03
3.026004728132387824e-03
3.732387706855792020e-01
1.079148936170212680e+00
9.267139479905436850e-02
1.380614657210401872e-02
1.430732860520094463e-01
6.988179669030733510e-02
9.361702127659575143e-03
1.182033096926713919e-02
1.229314420803782459e-03
3.782505910165484780e-04
5.673758865248226899e-04
1.578723404255319096e+00
2.220330969267139409e-01
3.971631205673759046e-02
9.087470449172577180e-02
7.820330969267139110e-02
6.146572104018912727e-03
1.910165484633569860e-02
1.985815602836879523e-03
4.728132387706855569e-04
1.607565011820330991e-03
8.794326241134750935e-03
1.040189125295508301e-03
7.659574468085105989e-03
7.943262411347518093e-03
1.891252955082742390e-04
0.000000000000000000e+00
0.000000000000000000e+00
0.000000000000000000e+00
0.000000000000000000e+00
1.418439716312056833e-03
2.836879432624113450e-04
1.891252955082742390e-04
0.000000000000000000e+00
0.000000000000000000e+00
0.000000000000000000e+00
0.000000000000000000e+00
0.000000000000000000e+00
2.884160756501182032e-02
3.593380614657210297e-03
6.619385342789597688e-04
0.000000000000000000e+00
9.456264775413711951e-05
0.000000000000000000e+00
0.000000000000000000e+00
4.539007092198581519e-03
0.000000000000000000e+00
0.000000000000000000e+00
9.456264775413711951e-05
0.000000000000000000e+00
0.000000000000000000e+00
9.456264775413711951e-05
0.000000000000000000e+00
0.000000000000000000e+00
0.000000000000000000e+00
0.000000000000000000e+00
0.000000000000000000e+00
0.000000000000000000e+00
0.000000000000000000e+00
0.000000000000000000e+00
0.000000000000000000e+00
0.000000000000000000e+00
0.000000000000000000e+00
0.000000000000000000e+00
0.000000000000000000e+00
1.891252955082742390e-04
2.155498817966903147e+01
5.143640661938534642e+00
8.759527186761228990e+00
5.134751773049645029e-01
6.940898345153664883e-02
6.252482269503546464e-01
3.523404255319149136e-01
3.092198581560283779e-02
6.061465721040189270e-02
4.539007092198581519e-03
1.607565011820330991e-03
1.985815602836879523e-03
5.078959810874704717e-01
1.227423167848699759e+00
8.803782505910165423e-02
1.096926713947990462e-02
1.217021276595744717e-01
5.446808510638297823e-02
4.444444444444444441e-03
1.049645390070922009e-02
5.673758865248226899e-04
1.891252955082742390e-04
9.456264775413711951e-05
1.214940898345153730e+00
1.225531914893616958e-01
3.300236406619385526e-02
1.155555555555555503e-01
6.628841607565011396e-02
3.404255319148936140e-03
2.222222222222222307e-02
7.565011820330969560e-04
9.456264775413711951e-05
1.702127659574468070e-03
8.037825059101654304e-03
5.673758865248226899e-04
1.853427895981087439e-02
6.430260047281323964e-03
9.456264775413711951e-05
0.000000000000000000e+00
9.456264775413711951e-05
0.000000000000000000e+00
4.728132387706855569e-04
2.647754137115839075e-03
1.040189125295508301e-03
6.619385342789597688e-04
2.836879432624113450e-04
0.000000000000000000e+00
0.000000000000000000e+00
0.000000000000000000e+00
0.000000000000000000e+00
4.917257683215130182e-02
3.782505910165484455e-03
5.673758865248226899e-04
2.836879432624113450e-04
0.000000000000000000e+00
1.891252955082742390e-04
0.000000000000000000e+00
4.539007092198581519e-03
0.000000000000000000e+00
0.000000000000000000e+00
0.000000000000000000e+00
0.000000000000000000e+00
0.000000000000000000e+00
9.456264775413711951e-05
0.000000000000000000e+00
0.000000000000000000e+00
0.000000000000000000e+00
0.000000000000000000e+00
2.836879432624113450e-04
0.000000000000000000e+00
0.000000000000000000e+00
0.000000000000000000e+00
0.000000000000000000e+00
0.000000000000000000e+00
0.000000000000000000e+00
0.000000000000000000e+00
0.000000000000000000e+00
0.000000000000000000e+00
1.904113475177305048e+01
4.805862884160756465e+00
8.630638297872341269e+00
4.849172576832151416e-01
7.536643026004728740e-02
6.308274231678486776e-01
3.381560283687943258e-01
2.817966903073286164e-02
5.219858156028368834e-02
4.444444444444444441e-03
1.513002364066193912e-03
1.323877068557919538e-03
3.319148936170212560e-01
8.874704491725767808e-01
9.787234042553191737e-02
1.248226950354609961e-02
1.341843971631205557e-01
6.638297872340424843e-02
5.579196217494090254e-03
4.822695035460992756e-03
2.836879432624113450e-04
9.456264775413711951e-05
0.000000000000000000e+00
1.057777777777777706e+00
1.264302600472813343e-01
2.572104018912529586e-02
1.317257683215130037e-01
6.042553191489361680e-02
5.579196217494090254e-03
3.300236406619385526e-02
1.134751773049645380e-03
3.782505910165484780e-04
1.229314420803782459e-03
6.808510638297872279e-03
8.510638297872340349e-04
9.361702127659575143e-03
3.593380614657210297e-03
5.673758865248226899e-04
0.000000000000000000e+00
9.456264775413711951e-05
0.000000000000000000e+00
0.000000000000000000e+00
3.026004728132387824e-03
3.782505910165484780e-04
9.456264775413711137e-04
0.000000000000000000e+00
0.000000000000000000e+00
0.000000000000000000e+00
0.000000000000000000e+00
0.000000000000000000e+00
2.118203309692671260e-02
4.160756501182033204e-03
8.510638297872340349e-04
0.000000000000000000e+00
2.836879432624113450e-04
0.000000000000000000e+00
0.000000000000000000e+00
3.971631205673759046e-03
4.728132387706855569e-04
1.229314420803782459e-03
0.000000000000000000e+00
0.000000000000000000e+00
0.000000000000000000e+00
2.836879432624113450e-04
0.000000000000000000e+00
0.000000000000000000e+00
0.000000000000000000e+00
0.000000000000000000e+00
3.404255319148936140e-03
0.000000000000000000e+00
0.000000000000000000e+00
0.000000000000000000e+00
0.000000000000000000e+00
0.000000000000000000e+00
0.000000000000000000e+00
0.000000000000000000e+00
0.000000000000000000e+00
0.000000000000000000e+00
1.655725768321513058e+01
4.146950354609929335e+00
7.585910165484633261e+00
4.404728132387706885e-01
5.711583924349881991e-02
6.353664302600472436e-01
3.066666666666666430e-01
2.647754137115839249e-02
3.716312056737588326e-02
3.971631205673759046e-03
1.418439716312056833e-03
5.673758865248226899e-04
3.114893617021276540e-01
9.177304964539007015e-01
6.893617021276596257e-02
1.749408983451536739e-02
1.094089834515366427e-01
4.368794326241134951e-02
5.295508274231678150e-03
1.418439716312056833e-03
7.565011820330969560e-04
0.000000000000000000e+00
0.000000000000000000e+00
1.193286052009456366e+00
1.224586288416075613e-01
3.082742316784869985e-02
1.013711583924349902e-01
5.408983451536643339e-02
3.877068557919621534e-03
1.787234042553191571e-02
6.619385342789597688e-04
2.836879432624113450e-04
0.000000000000000000e+00
1.645390070921985692e-02
0.000000000000000000e+00
8.888888888888888881e-03
5.390070921985815229e-03
5.673758865248226899e-04
0.000000000000000000e+00
0.000000000000000000e+00
0.000000000000000000e+00
1.891252955082742390e-04
9.456264775413711951e-05
8.510638297872340349e-04
2.836879432624113450e-04
1.891252955082742390e-04
0.000000000000000000e+00
0.000000000000000000e+00
0.000000000000000000e+00
0.000000000000000000e+00
1.238770685579196167e-02
7.565011820330968910e-03
9.456264775413711137e-04
6.619385342789597688e-04
0.000000000000000000e+00
0.000000000000000000e+00
0.000000000000000000e+00
5.484633569739952308e-03
1.891252955082742390e-04
2.364066193853427839e-03
0.000000000000000000e+00
0.000000000000000000e+00
0.000000000000000000e+00
2.836879432624113450e-04
0.000000000000000000e+00
0.000000000000000000e+00
0.000000000000000000e+00
0.000000000000000000e+00
8.510638297872340349e-04
0.000000000000000000e+00
0.000000000000000000e+00
0.000000000000000000e+00
0.000000000000000000e+00
0.000000000000000000e+00
0.000000000000000000e+00
0.000000000000000000e+00
0.000000000000000000e+00
0.000000000000000000e+00
1.421191489361702054e+01
3.303262411347517524e+00
6.721418439716312143e+00
3.787234042553191404e-01
5.929078014184396839e-02
5.964066193853427844e-01
2.493617021276595680e-01
2.042553191489361597e-02
2.345153664302600596e-02
2.836879432624113666e-03
8.510638297872340349e-04
1.891252955082742390e-04
3.692671394799054152e-01
8.970212765957447099e-01
5.191489361702127797e-02
9.456264775413711354e-03
1.046808510638297940e-01
4.397163120567375988e-02
4.728132387706855677e-03
3.877068557919621534e-03
6.619385342789597688e-04
9.456264775413711951e-05
0.000000000000000000e+00
9.418439716312057008e-01
1.168794326241134746e-01
7.848699763593380146e-03
8.141843971631206045e-02
4.586288416075649799e-02
5.295508274231678150e-03
1.361702127659574456e-02
1.891252955082742390e-04
1.891252955082742390e-04
3.782505910165484780e-04
7.565011820330968910e-03
9.456264775413711951e-05
9.172576832151300985e-03
3.498817966903073218e-03
2.836879432624113450e-04
9.456264775413711951e-05
0.000000000000000000e+00
0.000000000000000000e+00
0.000000000000000000e+00
0.000000000000000000e+00
1.513002364066193912e-03
1.891252955082742390e-04
0.000000000000000000e+00
0.000000000000000000e+00
0.000000000000000000e+00
0.000000000000000000e+00
0.000000000000000000e+00
1.352245862884160835e-02
3.404255319148936140e-03
1.134751773049645380e-03
6.619385342789597688e-04
2.836879432624113450e-04
0.000000000000000000e+00
0.000000000000000000e+00
1.040189125295508301e-03
3.782505910165484780e-04
1.323877068557919538e-03
2.836879432624113450e-04
0.000000000000000000e+00
0.000000000000000000e+00
0.000000000000000000e+00
1.891252955082742390e-04
9.456264775413711951e-05
0.000000000000000000e+00
0.000000000000000000e+00
0.000000000000000000e+00
0.000000000000000000e+00
0.000000000000000000e+00
0.000000000000000000e+00
0.000000000000000000e+00
0.000000000000000000e+00
0.000000000000000000e+00
0.000000000000000000e+00
0.000000000000000000e+00
0.000000000000000000e+00
1.212047281323877002e+01
2.969267139479905282e+00
5.899574468085106105e+00
2.964539007092198419e-01
3.442080378250590711e-02
5.332387706855792331e-01
2.079432624113475292e-01
1.465721040189125329e-02
1.711583924349881908e-02
1.985815602836879523e-03
7.565011820330969560e-04
3.782505910165484780e-04
2.233569739952718791e-01
5.929078014184396839e-01
4.917257683215130182e-02
1.919621749408983308e-02
9.304964539007092028e-02
2.524822695035460959e-02
2.553191489361701996e-03
1.513002364066193912e-03
2.836879432624113450e-04
0.000000000000000000e+00
0.000000000000000000e+00
8.661938534278960100e-01
1.126241134751772982e-01
1.238770685579196167e-02
8.624113475177304367e-02
3.867612293144208346e-02
4.917257683215129835e-03
8.226950354609928462e-03
3.782505910165484780e-04
1.891252955082742390e-04
0.000000000000000000e+00
6.524822695035461043e-03
5.673758865248226899e-04
5.768321513002364412e-03
2.742316784869976154e-03
1.891252955082742390e-04
0.000000000000000000e+00
0.000000000000000000e+00
0.000000000000000000e+00
0.000000000000000000e+00
0.000000000000000000e+00
1.229314420803782459e-03
9.456264775413711951e-05
0.000000000000000000e+00
0.000000000000000000e+00
0.000000000000000000e+00
0.000000000000000000e+00
0.000000000000000000e+00
1.541371158392434992e-02
5.862884160756501491e-03
2.836879432624113450e-04
0.000000000000000000e+00
9.456264775413711951e-05
0.000000000000000000e+00
0.000000000000000000e+00
5.579196217494090254e-03
5.673758865248226899e-04
9.456264775413711951e-05
2.836879432624113450e-04
0.000000000000000000e+00
0.000000000000000000e+00
0.000000000000000000e+00
0.000000000000000000e+00
0.000000000000000000e+00
0.000000000000000000e+00
0.000000000000000000e+00
2.647754137115839075e-03
0.000000000000000000e+00
0.000000000000000000e+00
0.000000000000000000e+00
0.000000000000000000e+00
0.000000000000000000e+00
0.000000000000000000e+00
0.000000000000000000e+00
0.000000000000000000e+00
0.000000000000000000e+00
4.408277877118190524e+00
4.891263150130274795e+00
3.379788323256176508e+00
5.047889826471841701e+00
5.013427797526304630e+00
4.032505556368733757e+00
5.786530768110591971e+00
3.568862835188174376e+00
4.901624947603411719e+00
4.023062682246500543e+00
5.360189424543245984e+00
1.921433287925411264e+02
5.739988936814458320e+00
7.294648690576971717e+01
8.870298617325897794e+01
1.364559065840909966e+02
4.096743662898937544e+00
6.623106287494271882e+00
9.147095158600836839e+01
6.878635041188882582e+00
8.529981269423917183e+03
7.485096888233524481e+00
2.571221020543498526e+02
9.193754095269971003e+03
2.238345491140113950e+02
6.337519676018620629e+01
5.783243498817967065e+01
5.595782505910165838e+01
1.596459495703352877e+04
8.373902358466228435e+00
2.103621749408983277e+01
3.145002364066193934e+01
3.145002364066193934e+01
1.394183064351223500e+01
1.797077068557919688e+02
2.957541371158392352e+01
3.484136355138048202e+01
2.265854643460539464e+01
8.486982869063039558e+00
4.517551170211902445e+00
2.881429471096750490e+02
5.071933806146572010e+01
1.815617698262555990e+01
2.273876122931442012e+02
9.245757342342706409e+00
5.689539212009449461e-03
3.801978152473986370e+02
1.500447238533522432e+04
1.395679699327949219e+00
1.533673758865248260e+02
6.453577094827889660e+00
1.304246004524001101e+01
2.641371158392434992e+01
1.105903960378249025e+02
2.967911644513731062e+02
3.691722931442080267e+02
1.013754813629104490e+01
2.201077441043249928e+04
4.955352735662332364e+00
2.229158775307050018e+04
2.852412142927025343e+03
4.521654846335697187e+01
2.995503087891623863e+02
1.047893232208839187e+01
4.202695101246932836e+02
1.101487297853749503e+01
1.811216075650118285e+02
3.804892250820550004e+01
6.354170058865248905e+01
1.014489996086818913e+01
1.779604810524828196e+01
3.661862035507601831e+01
8.522390944092400389e+00
1.190857135528949939e+01
1.209624764284598132e+04
5.340231130929833370e+00
7.659873363877056293e-03
1.772533148255921560e+02
5.720033760785178174e+02
9.294470314358413816e+02
4.270711111111111222e+02
7.869978738577377619e+00
6.742869967777249229e+00
5.479768225475446286e+00
4.521210401891252673e+01
1.574790693236717800e+02
5.901163120567375842e+01
2.575932631506000689e+04
2.621446053804186886e+04
5.664938667654780602e+00
1.035618174596690722e+02
4.616359338061466033e+00
5.820642490489833953e+00
5.909620646787217879e+00
3.252009456264775444e+00
1.908143110265714597e+02
4.786505910165484323e+01
4.747139955796274791e+00
5.839945782289703402e+02
4.338265721040189078e+02
2.491138661807045196e+01
2.224599062994526122e+01
5.933612075883360149e+00
6.143356973995271808e+00
3.487242543158389907e+01
7.694657210401891234e+01
2.669050399741838555e+04
2.737777777777777644e+00
3.425979738354899773e+00
1.985627394938690315e+02
2.600629234479382285e+04
2.290496453900709106e+00
3.784717100080088414e+01
5.662718445330883554e+01
6.079148936170212458e+00
4.161393853427895806e+02
6.311156456255331282e-01
7.096028368794326191e+00
5.093659524303961206e+01
9.575763232311492956e+00
2.141672823895228461e+01
1.319063726442137252e+01
3.721702127659574533e+00
7.058250591016548725e+00
2.570991525051881763e+04
5.676685975120768717e+02
9.700747044917257256e+01
1.919532609744071578e+02
1.262033096926713860e+01
7.007680051800437848e-01
4.196033956220983185e+01
2.486993637580026916e+04
1.007543758296232994e+02
3.908366903073285812e+02
4.034967165720663829e+00
4.299527818896848430e+02
2.043499891517730430e+07
2.043499379905437306e+07
2.095997398476699658e+01
3.583461382367053005e+01
2.911528176678001567e-01
6.673458271778714979e-01
8.005752191326990896e+00
1.827601108602829925e+02
2.431965717895470152e+04
7.904491725768321153e-01
6.674231678486998165e-01
2.377363743855323008e-01
1.039152371103624439e+01
2.355398852488003104e+04
1.060477654846342119e+02
5.435899854183509206e+02
9.870543735224586612e+00
3.599607565011820611e+02
1.094334751773049703e+02
1.788737575765195231e+01
5.423114416444515307e+00
1.568510638297872406e+00
5.925938851670894403e-01
1.015035460992907801e+01
1.015035460992907801e+01
1.944397163120567429e+00
1.790921985815602913e+00
1.710082574463288836e+02
2.600441661464305110e+00
1.126103186761241517e+02
2.261052869608535548e+04
3.571846053816931033e+01
4.970594524527218709e+02
1.043602166486990238e-02
1.053803120567375800e+03
2.138777134272338287e-01
8.507895981087470361e+00
4.485481010673332825e-01
3.244167375886524951e+02
1.551414065715206334e+02
1.266300709219858192e+02
1.222792172321329529e+00
2.036915800155550460e+04
8.494108511722016530e+00
1.775322693173940181e+01
2.065218387155279167e+00
4.496597023937903259e+01
2.218800650362075612e+04
1.132013482346385880e+00
1.477846011251623395e+02
1.587232501592539080e+01
2.616186183216741483e+02
4.476895420005735104e+02
2.044444444444444564e-01
2.440567375886524726e+00
2.257261371158392649e+03
2.639510295603595402e+00
1.448253427895980963e+02
1.548112802890160467e+01
2.153636712444401624e+01
1.233222386874609500e+00
4.750165484633569690e+00
3.832407318078450142e-01
1.642324891942363649e+02
2.643762805341580702e+00
8.169474705608520404e-01
6.262884160756501117e-01
3.392907801418439950e-01
4.033890759208563104e+00
2.830090605508958745e+00
7.260520094562648019e-01
8.309433328342215042e-01
1.323520664790106061e+01
5.689209894151333602e-01
3.988708547084662541e+02
3.199960526148748485e+01
1.927038316785064183e+02
3.524121437349572972e+01
1.607409929078014272e+02
9.118047929549867314e-01
1.460992907801418550e+00
8.436204143638228459e+00
1.500605309832656609e+00
1.112976247756694681e+00
4.271102585367740545e+01
4.193096926713947958e+00
1.981835933806146613e+03
1.151411661834283962e+01
2.652846846245854873e-01
8.352136713062321860e+00
2.525221276595744712e+03
5.521606261482583378e+00
2.373173900709219652e+03
1.599469824662223205e+00
1.745626477541371291e-01
1.310525562701448443e+01
4.566903073286051828e+00
1.361174023902591159e+02
1.729734278959810752e+02
2.359429696129516074e+01
3.499245101659572144e-01
7.869228019844002331e-01
1.501282835706856111e-02
3.590784875627480166e-01
2.846804594435351721e+00
6.982244034600123996e+03
2.691189503546099331e+03
6.984561681998089355e-01
1.615130023640661827e-01
2.205200945626477615e-01
4.816277096688661885e+00
2.210264491725768494e+03
5.856264775413712043e-01
7.400472813238770931e-01
1.869408983451536610e+00
2.946010170538166051e+00
2.595715082742317009e+03
1.202836879432624129e-01
1.202836879432624129e-01
6.565814169372811193e+01
1.927044352703554397e-01
1.183428406762808294e+01
3.749453211176374534e-01
2.242744183644721723e+00
6.962364066193853063e+00
1.616169139950165601e+01
8.295035460992907783e-01
3.258628841607564830e-01
1.881255040203775986e+00
3.263356973995271693e-01
1.875645099204724942e-01
1.670354935903848315e+01
2.220489172631762358e+02
3.359810874704491912e+00
8.469897083590929469e+03
8.973713626558910139e-01
8.707717023538574797e-01
6.248699763593380530e-01
1.518361418439716317e+03
8.451627588127083072e+03
2.585388022568010769e+01
3.368391936553193911e-01
4.511583924349881758e-01
2.964181925446835245e-02
9.025056123180060240e+03
3.015812146496450741e-02
1.400026801976351175e-02
2.939007092198581694e-01
8.916492545459183683e-01
4.576536538503088725e-01
3.862240447021429901e+01
1.885579196217494147e+00
7.276021730911057084e+00
6.782033096926713966e-01
1.461087470449172532e+00
6.238297872340425876e-01
1.853427895981087439e-02
2.287529477436914860e+01
6.127599088539009003e-02
2.411347517730496465e-02
7.854019528229084244e+03
2.762714160747129100e+01
6.437887922671433616e-01
1.671390837623894043e+01
-4.186811074598456806e+00
1.311016548463356912e+00
5.558005395144862248e+00
7.175671460119193990e-01
9.807245769115543226e+03
1.062066255438808042e+02
4.222158353061096392e+01
4.237121448146487523e+01
5.037352245862883882e-01
1.285411783927129292e+01
2.341031962017176671e+00
2.415130023640661872e+00
7.260892813289911984e-01
5.190190607109218313e+00
2.034042553191489355e-01
-1.527703053022216872e-01
-1.312560741229312940e-02
1.484021558575883404e+01
6.030335713014497223e+00
1.813668538429312971e+00
9.476975408903996140e+03
4.176673693763959960e+01
2.798017369562638468e+00
1.520504687882372252e+01
1.880739548018922624e-02
5.849887862685032580e+00
1.427895981087470498e-02
2.412671394799054347e+00
3.980759418234042446e+00
1.105437352245862842e-01
2.204255319148936132e-01
1.396690307328605218e-01
3.582731892026389975e+00
1.383850791499296662e+01
8.382161034607323202e+00
9.010874704491725895e-01
3.836406619385342998e-01
3.836406619385342998e-01
3.918769686563513766e+00
2.171347517730496612e+00
6.322657404070159970e+00
1.323877068557919624e-02
2.715690554657224434e-02
4.290974478567894934e+00
1.198108747044917266e-01
1.139385342789598132e+00
3.500132396120097522e-01
7.351300236406619337e-01
-3.015645685155740718e+00
2.293247798666672721e-01
7.927558334230684345e+00
1.728850872328224320e+00
-4.239071882128413336e+02
6.858153080291361725e+00
4.253374890284539223e+09
-8.555219013985865262e-02
2.307513342628111275e+01
3.111111111111111160e-01
2.631678486997636179e-01
6.274231678486997810e-01
-8.202409755168346805e+00
5.786582153585501146e+03
1.827801418439716219e+00
4.351026653569741581e-02
2.581008713048772218e+00
6.808904100599936449e+00
1.619809811729930882e+00
-4.331515909132495956e+00
2.185438492599532379e-01
1.839282830354610140e-02
1.088001545501629530e-01
8.041002505451564364e-01
4.044444444444444398e-01
2.832871646137504129e+01
2.449172576832151296e-02
6.921985815602836600e-02
3.302627589122502094e-01
5.327659574468085468e-01
3.446193100395980480e+01
5.456264775413711271e-02
4.030247574065506377e+00
1.701023200439337746e+00
6.666780333624683408e+03
4.137115839243498683e-01
8.510638297872340219e-02
2.883024307762851279e+01
1.237509194111118482e+01
4.132387706855791820e-02
3.030789163785545881e+01
1.963737935167113946e+01
-1.135254732196012384e+01
2.901990335736941873e+00
-2.684352706467940308e+01
-1.815546854929293730e+01
7.375886524822694752e-03
7.375886524822694752e-03
3.624001296158326824e+01
7.375886524822694752e-03
7.375886524822694752e-03
8.872142295432659809e-02
