2.242697571636743987e+02
2.492239179729404785e+00
2.007136444802057440e+01
3.451248228800802309e+01
2.188118944007429179e-01
1.991107834443505906e-02
6.009853980613408253e-02
3.034186667345176858e+01
1.529733515507113495e+01
4.595296048488830998e+00
3.132640596712563408e+01
1.643175841490573674e+01
8.152344707928145695e+00
2.003788214473643592e+01
5.874599322599017626e+00
6.049195571791684406e-02
2.450345132292305550e+00
2.691717123153923308e-01
7.805078599627163882e+00
1.608588175626227113e+01
1.098890633852143139e+01
2.665459197412618497e+00
4.328786568595536899e+00
3.089611211028492344e-01
7.239684934604618816e-01
1.109792786512499241e+00
6.814371552193220216e-01
1.811063698046550818e-01
3.405123367041312243e-01
6.138665434370202401e-02
1.249277605729875784e+00
5.991414009638377003e+00
1.332380062633932383e+00
8.314898128711403658e+00
6.684367746479941808e+00
4.605437771103858324e+00
6.622543447746926937e+00
4.271605268333581229e+00
8.081093338004691873e+00
7.130754425036998079e+00
3.501439732499554425e-01
1.009732991288129211e+00
2.571418611318888048e-01
1.861132849163789293e+00
9.384075475401782995e+00
1.144549701208266512e+01
9.243048345996880855e+00
1.926774759387142044e+00
2.173994578207199546e-01
1.639685254471292819e-01
3.068160685417914979e-01
1.315005941889739294e+00
3.154135746832252840e-01
2.641196383218724075e-01
2.307019627992319133e-01
8.960585576940656161e-01
1.526727039895980464e+00
3.122995809760877317e-01
3.477269761062324882e-01
7.546599626022825191e-01
8.973180675594145672e-01
4.794503727869712240e-01
3.383007721786360777e-01
1.037428048512983425e+00
2.187081857407419672e-01
2.783261784766905010e+06
1.604743956050731057e+01
1.046429467774872535e+01
5.504995270254277706e+00
2.851146351721674819e+02
3.697617491071341495e-02
4.839724429012768475e-02
3.502230836556274873e-02
2.315995718102429116e-02
1.420125940455525715e+01
4.490953375835584893e+01
6.520682991418623260e+02
1.808355202630076519e+02
5.094759648039830502e-01
5.617753212681863006e-01
6.149838099251818679e-01
6.592737853380701285e-01
7.197698047550102896e-01
7.696354936868026186e-01
8.358174160498667016e-01
8.897792963632897845e-01
9.598314078309422293e-01
1.016668391930074522e+00
5.234227459651104031e-01
4.480775272909553464e-01
5.754715875092490940e-01
1.444866244957994095e+00
6.430986795625864838e-01
2.537539850181058654e+00
7.268338905735458599e-01
3.571166481164706141e+00
8.244346500759338614e-01
5.094759648039830502e-01
5.681961459104024614e-01
7.109962845333245296e-01
8.310266624194947438e-01
9.706319975332855510e-01
1.128305411545426518e+00
1.313134066866203264e+00
1.478326667479837209e+00
1.641460634351796344e+00
1.801318080185026593e+00
5.167492996462602628e-01
5.923601388913940502e-01
7.927142323521200185e-01
9.689693381330140021e-01
1.172658989697890286e+00
1.372823307276519245e+00
1.633447650990935252e+00
1.884440349145032778e+00
2.131150437916968343e+00
2.389895757436829360e+00
9.606615665871169885e-01
1.545776986496786742e+00
2.495444395284769801e+00
1.310814796311134067e+00
5.012272572686946592e-01
4.576917076642399440e-01
2.343973060622347759e+02
4.877875830167649696e+01
2.329161529647029161e-01
6.922552344381120992e-01
1.443242243145160586e+00
8.809088247389224025e-01
7.141577916078201138e-01
4.570964285854453010e+03
1.170853973374235065e+05
2.254462702455473366e-01
7.307505152077262700e-01
1.374331551846561972e+01
1.507303190291420236e-01
9.773936091405956006e+01
6.249598459845856491e-01
1.567355146503564556e-01
4.946634024552042774e+01
1.191323037308279931e+00
1.211379895712527466e+00
1.251329050060992154e+00
2.329161529647029161e-01
5.365675540549101896e-01
6.779738398916315134e-01
8.040041975417420161e-01
8.756650388699607213e-01
9.461902218130335829e-01
4.877875830167649696e+01
1.120672947772595052e+02
1.617995593640186485e+02
1.877738248255209896e+02
1.976846335135994650e+02
2.017905006841743329e+02
6.777453858014596821e-02
1.028315187890138233e-01
9.385075181543656164e-02
1.044369454506714617e-01
1.165782724928527969e-01
1.316120953922129133e-01
8.084023641194715282e-01
7.614045492629369916e-01
5.667113316817737889e-01
4.906188674397665705e-01
4.749926397201243433e-01
4.997211586850464071e-01
8.452963663313742271e-02
9.582141607355942892e-02
1.084811633534276537e-01
1.233486000015678458e-01
1.420648006231911040e+02
9.567509851790031661e+00
4.382832596505132489e-02
2.807131503279338691e+00
1.629792811644099892e-01
5.426046852006044530e-02
3.097500768966957585e-01
1.913502406294805525e+01
8.765329122805855244e-02
7.230373452251124711e+00
5.109429924057984351e-01
9.571345519511078237e+03
2.158277454173711529e+00
1.908325584598661067e+02
9.555937437486795716e+01
2.586239675220926015e-01
4.003798443361791470e+00
2.021162007365607849e+02
2.170732963653836389e+00
4.834659675922390321e+00
2.000221732994673687e+02
2.217912886243465387e+00
2.937607078739421240e+02
4.042323907209181471e+02
4.341456921498309640e+00
1.867789554533893437e+01
1.755259402258805723e+00
2.655907855135194673e+00
3.537091534202574383e+00
4.431173579204081392e+00
5.313310173422991944e+00
8.683936724753923045e+03
2.185596196668809998e+00
3.428230739370051960e+00
3.286351582981146890e+01
1.573915966119315557e-01
3.623820314369895712e+00
3.783213443482393856e-01
1.198318845348193412e-01
4.271013035977041516e-01
2.273520922887377438e+01
6.078136143591827273e-02
1.512899831079302260e+01
6.106963353782722814e-01
5.543959707785625080e-01
5.808909879353363337e-01
6.104007480298812016e-01
6.452623634909412376e-01
6.856066025116966944e-01
4.029043183991409816e-02
3.923311236407343472e+01
1.637649445880353127e+01
1.362822807891073563e-03
3.045210938000483338e+02
4.364286626738586028e-01
4.420766169735308004e+00
1.826293576624486714e-02
2.298878595033010619e+00
9.999999999999999547e-07
2.959720080104928999e-02
1.465824920425026420e-02
8.841519320909529966e+00
3.652510441384856921e-02
2.523495234875793081e+00
4.718153391726798151e-01
4.359178636678760488e-01
8.471183644788390921e-02
4.085470143104176777e-01
1.278014787081455106e-01
3.917702551520014786e-01
3.315679808617215230e+01
7.706747691573177794e-02
4.722695407822798952e-01
3.681019603137127838e+00
4.283105934154245870e-02
7.660356097453984603e+01
5.592760399356572210e-01
9.516897919272325979e+00
3.442168392933712961e-02
2.804823654363268748e+00
5.164775223197777265e-01
6.752457289990840272e-02
5.897642886082673508e-01
1.903380505772036102e+01
6.884272912272039469e-02
7.102057030109990343e+00
6.082938488297809920e-01
5.322286432948870605e-01
6.317648135229428918e-01
6.740967749874174908e-01
8.284949103265363268e-01
9.021500348235328426e-01
8.263526453692194991e+03
1.860144766640042580e+00
1.637415442663879901e+02
1.240990065515235727e+02
6.062258979453785113e-01
8.358287809301893911e-02
8.164175527666863275e+00
1.735250326159748058e+00
3.457869846100779796e+02
1.733931254114279170e+02
1.889630308674770109e+00
4.729529514962147907e+00
1.716761887075705317e+02
1.928210152970199598e+00
2.526218223001840499e+02
3.467199740497229641e+02
3.792326290638363240e+00
1.619202929215918019e+01
4.222036863900196502e-01
1.835228007644151393e+00
2.767730559702977544e+00
3.701458887380428386e+00
4.630957453426118420e+00
5.562039688906579293e+00
8.264084746707630984e+03
1.860410573773235487e+00
1.637522490478609143e+02
1.242567960375471472e+02
6.099598505031766926e-01
8.476360598991380946e-02
8.214157267702288934e+00
1.735755999207958977e+00
3.458104684385340306e+02
1.734048559864803565e+02
1.889887682845991623e+00
4.729583544527288019e+00
1.716873710919133771e+02
1.928613001223717482e+00
2.526387400670917316e+02
3.467440819673863643e+02
3.793045446885730865e+00
1.618887349446774948e+01
4.242873528691945006e-01
1.836003121555719986e+00
2.769045151194041487e+00
3.703372439699982976e+00
4.633526606194639186e+00
5.565211927832181438e+00
1.252915477020870821e+04
2.812218352273978095e+00
2.468286331022418381e+02
8.012689369578934873e+01
1.755749143821056402e+00
5.276953512694207120e+02
2.616141374407352487e+02
2.871157318290967542e+00
4.999346173056981257e+00
2.587187388860135684e+02
2.914282103450976713e+00
3.841082744498209536e+02
5.242782793175496181e+02
5.736338119842314676e+00
2.146446121855332123e+01
6.505370539705788158e-01
1.817048755466180721e+00
2.826461116820434771e+00
3.674398016778843701e+00
4.695325530870220199e+00
5.523912109281165606e+00
8.223824512274688459e+03
1.855077463255816905e+00
1.638184394408788478e+02
1.177300545995933163e+02
1.700770071706666942e+00
3.461783975134432580e+02
1.734577783921812966e+02
1.881164151914698879e+00
4.731149867715779500e+00
1.717425232128501591e+02
1.917346940781469389e+00
2.523123758159144643e+02
3.468803021209654389e+02
3.764480238426104464e+00
1.667060642172461726e+01
4.262831869855201461e-01
1.777762752178788208e+00
2.688744205173608126e+00
3.582052979358018696e+00
4.484977435965500803e+00
3.610326652337666076e+01
1.305192792491833009e-01
2.301301217438717350e-01
4.383941994176320023e+00
1.390636005566751182e-02
8.459936466027539836e+01
4.997591898179248870e-01
2.570183322924465585e+01
2.159350302797462007e+01
2.013045444159808350e-01
3.340670267170518848e+00
1.256757263059185226e+00
1.461404481940172528e-01
1.262435371476485102e+00
2.219012518225624930e+01
1.637417206271225278e-01
9.797484309762749533e+00
1.127375523980373329e+00
4.616619644229833508e-01
5.096805088585313337e-01
6.043386250291067352e-01
7.385369628940097186e-01
9.076987906389493155e-01
1.086705191147628646e+00
3.309929531116942059e+01
1.165869191012969680e-01
2.619736762960376830e-01
4.670692840067129481e+00
1.575166016422419393e-02
9.066007882482141156e+01
5.546736110294098188e-01
2.488331354364502701e+01
1.981463024417552887e+01
2.424225267375834936e-01
3.268256542206545046e+00
2.312079974031022278e+00
1.941062249225517511e-01
2.321570888340511729e+00
2.363037869245243883e+01
2.832601144510375479e-01
9.106312375170983131e+00
2.110449847451499217e+00
4.763117206084360733e-01
5.702423941089115322e-01
7.862572226745803139e-01
1.030354881644990561e+00
1.318043910999093571e+00
1.599909692986106302e+00
3.526009459382103017e+01
9.799841377513693330e-02
1.919564206342746771e-01
4.407357783311460331e+00
8.542828419418304975e+01
5.000536116468936587e-01
2.508784056113958982e+01
2.072785828423835142e+01
4.189821362968988022e-02
3.321915146140707709e+00
1.864549834458474331e-01
9.389938687945111051e-02
3.579773750483345451e-01
2.184113051605378075e+01
9.992458774502460672e-02
9.645652025284617181e+00
5.174814198230486273e-01
4.722191923731650087e-01
5.082177618666064989e-01
5.197498646697743530e-01
5.391169907030624042e-01
5.533982411943904056e-01
5.743470281488688434e-01
5.005758241882792836e-01
5.468901328769818493e-01
6.797958370579485488e-01
8.117047225741580441e-01
9.264531417325400087e-01
1.086369734392380160e+00
1.250269594223117897e+00
1.388458808288615565e+00
5.155137080323182186e-01
5.779636218797594704e-01
6.752659533415208415e-01
7.797850626784758044e-01
8.990833245466069990e-01
1.035173528283959588e+00
1.180103252757543464e+00
1.313291643916220997e+00
5.207499772372687907e-01
5.733207965781018656e-01
6.901845319208956830e-01
8.001134557824053362e-01
9.269519143955734508e-01
1.086986535636363493e+00
1.280133148594222225e+00
1.462465182116661877e+00
8.439387939606683986e+00
1.544016448929833984e+01
2.381368324878486931e+01
4.287107206139172888e+01
3.249765063358920258e+01
3.658376560800389399e+01
3.913330436619487784e+01
4.072274996515461964e+01
4.824409083276259835e+00
9.728612062455432863e+00
1.257780109926733481e+01
1.525265629976143522e+01
1.612892837925865308e+01
1.506803645009060588e+01
1.571836417514426820e+01
1.650338882783843175e+01
4.342649367215229983e-01
7.222972053309182350e-01
9.348196235477734817e-01
1.109790696376254715e+00
1.215053271108600175e+00
1.300515226404288516e+00
1.380333619327206440e+00
1.443153994368611359e+00
9.633380282722667221e-02
9.975550820492032345e-02
1.088633850576338213e-01
1.261478710428478311e-01
1.416274371142396959e-01
1.843329304014625636e-01
2.284008938630315011e-01
2.464608035992177371e-01
1.125021368821060158e-01
1.220226058939329616e-01
1.122150210714105006e-01
1.111453046993381572e-01
1.194354925663350664e-01
1.488209922439475141e-01
1.708475446508890550e-01
1.886301665939444649e-01
1.641743938251144785e-01
1.460893409623575390e-01
1.168878362165077650e-01
1.058221160313615322e-01
1.119019496787448248e-01
1.365602011074437128e-01
1.402388469663910509e-01
1.550318497553549724e-01
1.958879740245189904e-01
1.918640133401557091e-01
2.078402077166688899e-01
2.279464960624500713e-01
2.570114938484478473e-01
3.160166751581348077e-01
4.168769758027841554e-01
4.570446029048959025e-01
3.296548228299553962e-01
2.875444247615577265e-01
2.852937633799539907e-01
2.750519344334053096e-01
2.821839851274480782e-01
3.339081209922328264e-01
3.702222734056889175e-01
4.014434999887820377e-01
2.915437171114390602e-01
2.263263315926816177e-01
2.105437116785904006e-01
2.074153671041482627e-01
2.231836754080230856e-01
2.693168955451755719e-01
3.016559019163564392e-01
3.388339971247285032e-01
4.264977143892496159e+00
2.462259854042889717e+00
1.794581685694381035e+00
1.563069028352592094e+00
1.020371601877622769e+00
7.796643640368512429e-01
6.339085373063095830e-01
4.681726440624940366e-01
3.782903405705606570e-01
3.106077110575534150e-01
7.510896959723063759e-02
2.457002902112016135e-02
1.691037006119745084e-02
1.310846166967789828e-02
9.854332069611794129e-03
7.539312320361737409e-03
6.170366209147141491e-03
5.469143466720020365e-03
4.800444911615302408e-03
4.242020701572016619e-03
1.094429187532569708e-01
1.217513862954630710e+00
7.454939832608196149e-01
6.849707555101030021e-01
5.532070599297499447e-01
5.774610196215945734e-01
6.326441653820992217e-01
6.238033210409790197e-01
6.790935442617138662e-01
2.270821387424591720e+00
1.220024894451276154e+00
7.902556452480090643e-01
7.158351437372593162e-01
6.491611162597864526e-01
6.681473806350826106e-01
6.751093867648788605e-01
7.208601052046064162e-01
1.169067589573970362e-01
2.517108398404773184e-01
3.348984271382315359e-01
4.032214283545393907e-01
4.569264689111661726e-01
5.021240481349358298e-01
5.575440017947759230e-01
5.990179631348399036e-01
1.457257554190927729e-01
2.210815529472503205e-01
2.838845498729503647e-01
3.333313511882315394e-01
3.653153023231945351e-01
3.931209716218411754e-01
4.245588911465308368e-01
4.423933735760605113e-01
1.052372216065902283e-01
1.996093819118584523e-01
2.634969751576691777e-01
3.175198355194576716e-01
3.514956605982461624e-01
3.839525953817602977e-01
4.159634099660722284e-01
4.398478349537532917e-01
1.293370010281155169e-01
2.381638833694675328e-01
3.023436658941754951e-01
3.545838377250350448e-01
3.848619779656355933e-01
4.062075612334941077e-01
4.238713927765309641e-01
4.315945896136180182e-01
2.480612318903625280e+01
4.289880721092973914e+01
8.079788661370756131e+01
8.277408418862935946e+01
3.025662482901543271e+01
2.046222726159398420e+01
1.741288314167522060e+02
2.260421368549762988e+01
1.465829081326072014e+02
1.023425545179675282e+02
8.365156813960513205e+01
8.053148192294458108e-01
5.135430020423868314e+01
4.994974008785310815e+01
3.090937225746069217e+01
2.942988061706456548e+01
1.740719329469651484e+02
8.466360694249839014e+01
1.210773758068426673e+02
3.251006282177892359e+01
2.122253219103253841e+01
1.740719329469651484e+02
1.399370268400249699e+02
6.681522919701180285e+01
1.939869639679769264e+01
1.742271168139531312e+02
6.204110277344668845e+01
4.998071162388900035e+01
2.817694702211490565e+01
1.216310317602948743e+02
1.658732511906931961e+01
1.737613948483129889e+02
1.401300292956277360e+02
6.687315106584435398e+01
1.967920526423666061e+01
2.545188613512233289e+01
5.857358612914396190e+01
2.495477447754098534e+02
5.271101309330559559e+01
4.287067659272588926e+00
1.740544849464054664e+02
2.594173696530026163e+01
4.765554180386710925e+01
2.619086242986097091e+01
1.249194367510534533e+02
5.749644779139596551e+01
2.463903195500860832e+01
2.223850673732864536e+01
9.668992406519500094e+01
1.213790946922421909e+02
5.864322337746794034e+01
6.339403924710061489e+01
3.809358487543475036e+01
6.207040597454651731e+01
1.242097058441641337e+02
7.530492401287001591e+00
8.254022794251408834e-02
1.802478504218605693e+01
9.619540246835629749e-02
9.988850087307689307e+00
5.157088732753182386e-02
8.519077836438404105e+00
2.084305725455624925e-01
1.700265505867853122e+01
2.230301029353122799e-01
2.789079083245873392e+01
3.288061906078688645e-01
4.542496763531707060e+00
5.835443612879435971e-02
2.283088827104000273e+01
2.705564658997738348e-01
3.444672269577219392e+00
6.031304014064049757e-02
1.023704461146094646e-01
9.543140303197855667e-02
4.877645844310755929e-02
3.842344483417561851e-01
8.111431929389313622e-02
4.457152447651895888e-01
2.492016815623717108e+01
7.717923018675056090e-02
2.790884712276912261e+00
2.377835649551507113e-01
3.941765390179804651e+00
7.724885613033532650e+01
5.965248780114040805e-01
5.007766445296407687e-01
9.926734474124349061e-02
7.850563463332647096e-01
2.974456905506925253e+01
1.685717588741639517e-01
9.632769586711441567e-01
6.808737782671527017e-02
1.689922453789578505e+00
9.819547744148310997e+00
2.446825874776286935e-01
3.985105869218957819e-01
7.639739147539870157e-02
4.749891373983587961e-01
2.407322171442997316e+01
9.221268559049272673e-02
8.871442784231424739e-01
1.688604907167139124e-01
8.851982640869309193e-01
2.647602819920025041e+01
1.004640495508379444e-01
3.420501229025830758e-01
1.299419501089747186e-01
4.326983717081684944e-01
2.521763458409153813e+01
7.980482560917549761e-02
5.263253546311289499e-01
1.172189627022306863e-01
5.974255475748800892e-01
2.642234825280032240e+01
9.373633619037105569e-02
3.897477204900776093e-01
1.146996636496075556e-01
4.520704281903545341e-01
2.490688097514360066e+01
7.692186040491220955e-02
9.960616058972684428e+00
8.069114735990700282e+00
5.781806566833668448e+00
2.719288314255320582e+00
9.311483583452760726e+00
7.048916602681853050e+00
1.237215037861714428e+01
1.634781639580224066e+01
1.015420326626462533e+01
8.371837612855046018e+00
9.960616058972684428e+00
8.069114735990700282e+00
9.960616058972684428e+00
8.069114735990700282e+00
9.960616058972684428e+00
8.069114735990700282e+00
9.960616058972684428e+00
8.069114735990700282e+00
5.846263083994803766e-01
7.207119863250847080e-01
6.952885651131650580e-01
9.166173013916679713e-01
8.611523724639682520e-01
1.135130337021609925e+00
1.069703771170261275e+00
1.375839613115439120e+00
1.299733206459596557e+00
1.631850009997841910e+00
1.539638989681983094e+00
1.897701579554116780e+00
1.784589656952046077e+00
2.169759579267208416e+00
7.525249274887010342e-01
1.080525168707039407e+00
1.127070605500114731e+00
1.590953885148531866e+00
1.607404403058131148e+00
2.144727178817291691e+00
2.129503111643785918e+00
2.719498999617192325e+00
2.663749131071956100e+00
3.305254557223616274e+00
3.201365137311889875e+00
3.896773744762623171e+00
3.740020886959757096e+00
4.491440508618966376e+00
6.062891495417797039e-01
7.394997615659307799e-01
7.523711667657746460e-01
9.721461953416281609e-01
9.464711123573272822e-01
1.237843756956175989e+00
1.177366937533325109e+00
1.524555127285178502e+00
1.430911187216794334e+00
1.823725449378046370e+00
1.697233246513445204e+00
2.130570336443940338e+00
1.970665717015254836e+00
2.442342866783127509e+00
1.037048843777838236e+00
1.308160561255504728e+00
1.745400353010124972e+00
2.255599743921372191e+00
2.569875167956026107e+00
3.176549149198961697e+00
3.424675216140582013e+00
4.087220653290864369e+00
4.287659387270979394e+00
4.993947163849093762e+00
5.152350148581228417e+00
5.900558154319173632e+00
6.016693767389446279e+00
6.809040969096346707e+00
5.968377516249738779e-01
7.314881612510901743e-01
7.243605161977645368e-01
9.408533167688922783e-01
9.101352120962515890e-01
1.171920745607445857e+00
1.139045896336539965e+00
1.425135101379068736e+00
1.389415937765124509e+00
1.693725211274643039e+00
1.649594455068063015e+00
1.972190499521916829e+00
1.914666346215902815e+00
2.256889044419778223e+00
6.486820292169982460e-01
7.192627364775345811e-01
8.021112348497827504e-01
8.971158130867967762e-01
1.002360985117688896e+00
1.115764176249907536e+00
1.235662926070217660e+00
1.360585196124317831e+00
1.489466129741131573e+00
1.621423445535663754e+00
1.755764671621247164e+00
1.891984893100361553e+00
2.029688442700485318e+00
2.168554881613175223e+00
5.618907581134087170e-01
5.919547098160142795e-01
6.295731300572028344e-01
6.725975822604693954e-01
7.215050035984656995e-01
7.757012548679788067e-01
8.345347265317722973e-01
3.842344483417561851e-01
5.620567792081042624e-01
6.350244197396373025e-01
7.339160534872705144e-01
8.176807905338128180e-01
8.984047915770443371e-01
9.525157756281893429e-01
9.963387776765049164e-01
1.023428332244289418e+00
1.039964227778863881e+00
1.045474753917514210e+00
1.038018341575942749e+00
1.018545760782491483e+00
1.004738701246163934e+00
9.874237367201029736e-01
2.790884712276912261e+00
2.817381987760528617e+00
2.628802870804103353e+00
2.706099006940459351e+00
2.742934926356937808e+00
2.825437318082322236e+00
2.847943466343932695e+00
2.889220237093967025e+00
2.892067365040639881e+00
2.900283790931578842e+00
2.881108957649323177e+00
2.836029101231000826e+00
2.753176178500293947e+00
2.728100663045668117e+00
2.697473082583579096e+00
5.007766445296407687e-01
6.970115946120306605e-01
7.912283399338895240e-01
8.915037561391309096e-01
9.780986013506142163e-01
3.842344483417561851e-01
5.620567792081042624e-01
6.350244197396373025e-01
7.339160534872705144e-01
8.176807905338128180e-01
8.984047915770443371e-01
9.525157756281893429e-01
9.963387776765049164e-01
1.023428332244289418e+00
1.039964227778863881e+00
1.045474753917514210e+00
1.038018341575942749e+00
1.018545760782491483e+00
1.004738701246163934e+00
9.874237367201029736e-01
2.790884712276912261e+00
2.817381987760528617e+00
2.628802870804103353e+00
2.706099006940459351e+00
2.742934926356937808e+00
2.825437318082322236e+00
2.847943466343932695e+00
2.889220237093967025e+00
2.892067365040639881e+00
2.900283790931578842e+00
2.881108957649323177e+00
2.836029101231000826e+00
2.753176178500293947e+00
2.728100663045668117e+00
2.697473082583579096e+00
5.007766445296407687e-01
6.970115946120306605e-01
7.912283399338895240e-01
8.915037561391309096e-01
9.780986013506142163e-01
1.074849637446924078e+00
1.145456968182766211e+00
1.203836052306716420e+00
1.241133693256867732e+00
1.257479816707397724e+00
1.268328133954623738e+00
1.260732607588221477e+00
1.239014817165056792e+00
1.223801138846231984e+00
1.193995400401326012e+00
9.632769586711441567e-01
8.534870967792910212e-01
7.349268421111867511e-01
6.304106583709438993e-01
5.261233971539974741e-01
4.568680721713028192e-01
4.022436338679898360e-01
3.673188720424637177e-01
3.374788225081253312e-01
3.152562679871354079e-01
2.898554463586869856e-01
2.838851901330637362e-01
2.583524684010732320e-01
2.867661311913771160e-01
2.986109404184811300e-01
3.985105869218957819e-01
5.506946675370999467e-01
6.122698112383521130e-01
7.057307105907769662e-01
7.854061535294658558e-01
8.635243752791333938e-01
9.143875002374336480e-01
9.552617768439973789e-01
9.803886240663816087e-01
9.947786633726140026e-01
9.987521065722806402e-01
9.917820048465818550e-01
9.738302726145218191e-01
9.612393355917797644e-01
9.429991115013568459e-01
8.871442784231424739e-01
1.010043492357858064e+00
1.038619415612433317e+00
1.139563191725353475e+00
1.206336314138144239e+00
1.268910100312711675e+00
1.300379981576556210e+00
1.319261011150683727e+00
1.327111264163216120e+00
1.331174292510104440e+00
1.330816241389353394e+00
1.321684868515971889e+00
1.307620065012530031e+00
1.289843776680361209e+00
1.274967005126584452e+00
3.420501229025830758e-01
5.377004338596419464e-01
6.445657117613246001e-01
7.579070162026281254e-01
8.580850421719026233e-01
9.405609192278997499e-01
1.007104596232546889e+00
1.059541194610615245e+00
1.094507595486718943e+00
1.119821008670395690e+00
1.130646563339379851e+00
1.124812683439076144e+00
1.103021882833466139e+00
1.079660335241545921e+00
1.048766201088303873e+00
5.263253546311289499e-01
6.129442385537433591e-01
6.923362132584393036e-01
7.965914891344282323e-01
8.805357499034143220e-01
9.526526008926023970e-01
1.005075366472372389e+00
1.046509429169164118e+00
1.071447994442360718e+00
1.089220680422868570e+00
1.094326058030061111e+00
1.088079480326566983e+00
1.066712772846454715e+00
1.059400950535518859e+00
1.041595642966036017e+00
3.897477204900776093e-01
5.712405444178236813e-01
6.513503915351575024e-01
7.605429505883271046e-01
8.500762673017520088e-01
9.312987995792273432e-01
9.904709616264920635e-01
1.035456594546948494e+00
1.064902465751973670e+00
1.086060419463085625e+00
1.092399266425206683e+00
1.085448587838258261e+00
1.065155587992371755e+00
1.042138527912284784e+00
1.013926512855285011e+00
2.073123817730192719e+00
4.937649755494377679e+00
1.524978362361165907e+00
7.206917559280682228e-01
3.831042940222930238e+00
1.414298953143825255e+00
6.835682769534063841e-01
6.823453651873699677e+00
3.847110288528894362e+00
2.870969653161897117e+00
2.212097393009862856e+00
2.231547039232751606e-01
1.387253490848973536e+00
7.591690298579056861e-01
1.375198276963694212e-02
1.055413879089997509e-01
2.311229445484501155e-01
9.999999999999999547e-07
9.999999999999999547e-07
9.999999999999999547e-07
9.999999999999999547e-07
9.999999999999999547e-07
9.999999999999999547e-07
9.999999999999999547e-07
1.684164916840725362e-02
5.933117246004211420e-01
1.593862235693714602e-01
5.609177085637050419e-01
2.068481406498879904e-01
2.724935041632724486e-01
1.041983968386548942e-01
1.014364918049957875e+00
3.092888952918513845e-01
4.458581181083480227e-01
1.755015806579734439e-01
2.044469752864080669e-01
1.203104074231936826e-01
9.999999999999999547e-07
9.999999999999999547e-07
9.999999999999999547e-07
9.999999999999999547e-07
9.999999999999999547e-07
9.999999999999999547e-07
4.857399482163320820e-02
2.174012800486713540e-02
9.999999999999999547e-07
9.999999999999999547e-07
6.292986659868966826e-02
4.660954678144547253e-02
4.767969915543124881e-01
2.943507517360166581e-01
2.571322978067254739e-01
1.035385062552670044e-01
1.930727330624056881e-01
2.115097627505424516e-01
1.269207016935521015e-01
1.182366078805167781e-01
5.047478210905458063e-02
1.102536669305834438e-01
5.850357001006747382e-01
2.891122808759672425e-01
4.312839552081797478e-01
3.099214186667422766e-01
5.371261955366253282e-01
3.438492259358033598e-01
1.081185738068604352e-01
5.908820390705295938e-02
1.144422774993041902e-01
1.411404956653529441e-01
2.510082817228061480e-01
1.918306949368518421e-01
1.145185137865150915e-01
1.944598695054668841e-02
3.886889405039057471e-02
9.999999999999999547e-07
2.381764991167477363e-02
1.375198276963739488e-02
3.636842233058724949e-02
1.430388753645874533e-01
2.306562208249921808e-01
1.157228105002557073e-01
1.816318767042484517e+00
6.872052954995852003e-01
4.616231104608256586e-01
1.216597199468030022e+00
3.456161582976250424e-01
1.188000128333665195e+00
8.952131553143460874e-01
9.999999999999999547e-07
9.999999999999999547e-07
2.174012800486738520e-02
3.595089105863998880e-01
7.887135036303696833e-02
9.999999999999999547e-07
3.330164378374286804e-01
8.344716541894053874e-02
7.196957409968891828e-02
1.419316275881860878e-01
9.999999999999999547e-07
1.944874595265968717e-02
2.178901262905773017e-01
2.174074167006782854e-01
9.999999999999999547e-07
1.730008765777305002e-01
1.896653381964487350e-01
2.474915207891991153e-01
9.724872976329328872e-03
2.366217257401846685e-01
4.560588961232967670e-02
1.683132158560810832e-01
1.684164916840463072e-02
1.794093962500466488e-01
5.229628165639386289e-02
3.074680560247087732e-02
3.887579535088594995e-02
3.366795874983451869e-02
9.724872976330978594e-03
7.130336842383151741e-02
1.593424567056157815e-01
3.636842233058732582e-02
2.720274147161094724e-01
7.712628130336552923e-01
2.545471725249362493e-01
1.034308385498152738e-01
9.923998232383593465e-02
6.372387693174751122e-02
1.166429431481331019e-01
9.999999999999999547e-07
7.451372630956808185e-02
6.363793833752391660e-02
9.999999999999999547e-07
1.842019988898010163e-01
3.190088455313625504e-01
2.392479374349631149e-01
4.558039240513916956e-02
2.898150749216121813e-01
2.107733569331225465e-01
2.930949330029677391e-01
1.297534272204650396e-01
1.635465456923743122e-01
7.064341192396295099e-02
1.023866298844024053e-01
1.797011341747515867e-01
3.223618468815013516e-02
1.468560308313464624e-01
4.236499360893969945e-01
6.995154152821989046e-02
2.772185589155378715e-01
1.183398726186013772e-01
4.953359729977253878e-02
4.758621723973853468e-02
3.332696807451185794e+00
5.459694049684255646e+00
2.018086324470266035e+00
3.488361842321036743e+00
1.271215807817926313e+00
7.206917559280682228e-01
1.112435859566828000e+00
2.215870731243120062e+00
2.433006775715842729e-01
2.583444080679409449e+00
5.366547652146984593e-01
6.140879230592153487e-02
5.646733927782138229e-01
2.595084732579566733e-01
2.800804935152539366e-01
7.512541453917805090e-02
2.102177007136676323e-01
1.280500940091672257e+00
7.591690298579056861e-01
2.241811778025053215e-01
4.372106016821254437e-01
1.068481721873314333e-01
1.051020123807598766e-01
2.315063919881248933e-01
9.724872976330978594e-03
3.953954057567755864e+00
1.667247525891528914e+00
1.762269488707269627e+00
6.579003684494201254e-01
6.423357974618822963e-01
4.246552459317303740e-01
1.855676135379951408e-01
1.660976999102734275e-01
2.306447063736628555e-01
3.532352108657553225e-01
6.159313345326671296e-01
1.589942502451220929e-01
8.562850879541113180e-02
9.250801878686056023e-02
4.989018793539738428e-01
3.347277156814250088e-01
1.716064648996371123e+00
4.531374132617376760e-01
2.366307953663220609e-01
3.258132236215635635e-01
2.055253390829507587e-01
8.756399222516105141e+00
8.114928653001662440e+00
8.518212784812054794e-01
7.790303034287884287e-01
3.343308196912410768e+00
1.884464145244571398e+00
4.269916618294399946e+00
1.353897725760372817e+00
5.212350837052589503e-01
7.952925494092352721e-02
1.751561877009602197e+00
9.424496746388406621e-01
2.045385483717757857e+00
1.335875626623875823e+00
1.161853952411868285e+00
3.538138915049094391e-01
6.197418540661525643e-01
8.244444536723416483e-02
3.074273357998856190e-02
9.999999999999999547e-07
5.850357001006747382e-01
4.649944915460106909e-01
5.610331959505399091e-01
3.096940323206958667e-01
2.714822096273279972e-01
3.287643886303352470e-01
1.502020160123179515e+00
5.396849514420302141e-01
4.803053818040146083e-01
1.086460820246465175e+00
1.471363472895403368e-01
1.009102897212791894e-01
1.559463608267539214e-01
2.000172068893547594e-01
1.812520664716941454e-01
3.575126455886981636e-01
8.194329352588433091e-01
4.771050855360565723e-01
2.231345069942698989e-01
2.029575132933201798e-01
1.177000093376445455e-01
1.023868045590605041e-01
4.856938146324791816e-01
3.252167799925319569e-01
5.748980154851537905e-02
1.375198276963670967e-02
3.505633138026379575e-02
1.347005046071990952e-01
7.205103598701566303e-02
9.999999999999999547e-07
9.999999999999999547e-07
2.917261892897779138e-02
3.369936200296011486e-01
9.724872976330978594e-03
9.999999999999999547e-07
2.220175840956448154e-01
6.656558156510651580e-02
3.889097390109357011e-02
9.699222572044111090e-02
4.975353056438245880e-01
1.070092387102146297e-01
8.341972793812897635e-02
5.058614602082134315e-01
6.374239751658321296e-02
5.904823735906045146e-02
9.999999999999999547e-07
3.223618468814670734e-02
2.461914709784856770e-01
9.724872976329328872e-03
4.662949545828134340e-02
1.713156890307679647e-01
4.308323498932518980e+00
8.227508200389099802e-01
4.083788886974484278e+00
5.836857793497625124e-01
2.436876418384911869e+00
7.651949575242568358e+00
4.794356305204770408e+00
5.872518234010570826e-02
7.696183465798885903e-01
2.105908923299451008e+00
2.363399387963213805e+00
8.638531660310206917e-01
2.456675229731906551e+00
4.167341325324655621e+00
3.459971950604763258e+00
7.804027136586358937e-01
1.724917158955881380e+00
1.764705906743115671e+00
4.602101374137358647e+00
1.769346945905675206e+00
1.136951230751506586e-01
9.930520252115564162e-02
8.248517402769067752e-02
5.585583626082329251e-02
1.510137628135914956e-01
1.670117583466257660e-01
3.044067915616446504e-02
6.954488137256991109e-01
9.851975618689389202e-01
1.986159691016414186e+01
2.635632109765573361e+01
1.020450986171263708e+01
1.048050399943046163e+00
9.999999999999999547e-07
9.999999999999999547e-07
6.458229623899510406e-03
1.571181553646256335e+00
9.999999999999999547e-07
9.999999999999999547e-07
3.167653307788164119e-01
5.335002235217294331e-01
5.509633139208403030e-01
3.571006108965303349e-01
1.003687799799194147e-01
2.526813139195679181e+00
1.392981859397282030e-01
1.475562469036624158e+01
3.516595311761650411e+00
5.181389523977032452e-01
6.605924108260576855e-01
9.999999999999999547e-07
9.999999999999999547e-07
9.999999999999999547e-07
9.999999999999999547e-07
9.999999999999999547e-07
7.826002153096285607e-02
7.066174755373409722e-02
9.999999999999999547e-07
9.999999999999999547e-07
9.999999999999999547e-07
9.999999999999999547e-07
9.999999999999999547e-07
9.999999999999999547e-07
4.786030812892416025e-02
9.999999999999999547e-07
4.846478291401824096e-02
9.999999999999999547e-07
9.999999999999999547e-07
9.999999999999999547e-07
1.062550689648380717e-02
9.999999999999999547e-07
3.687392632624076488e-02
9.999999999999999547e-07
9.999999999999999547e-07
9.999999999999999547e-07
9.999999999999999547e-07
9.999999999999999547e-07
6.489962260273798855e-02
9.999999999999999547e-07
9.999999999999999547e-07
9.999999999999999547e-07
9.999999999999999547e-07
9.999999999999999547e-07
9.999999999999999547e-07
9.999999999999999547e-07
7.274151641246090483e-02
2.324123023890343198e+00
2.106335189646071915e-01
4.258518186507448178e+00
1.051020123807598766e-01
1.323139780968030976e+00
4.154009932287532791e+00
3.455697325657286711e+00
2.174012800486738867e-02
2.979336142628539741e-01
2.269592771334751014e+00
3.002235645113604967e+00
9.961827642967597818e-01
1.096224790430982532e+00
7.426525936464313249e-01
1.304206027888131336e+00
1.056670476028717248e-01
8.926744182771058078e-01
4.341673940512533747e-01
1.086281545430187734e+00
2.005196619590672857e-01
3.223618468814977434e-02
4.761627454447509705e-02
1.375198276963717457e-02
4.123009753342596340e-02
1.768279426926354647e-01
1.764300167145044507e-01
3.504102292890973885e-02
3.868789699772996471e-01
3.104433604197945895e-01
1.971669517882077338e+00
2.058682868981705383e+00
1.798338594976339300e+00
1.939433425217972073e-01
9.999999999999999547e-07
9.999999999999999547e-07
4.662949545828134340e-02
3.017426002776760763e-01
9.999999999999999547e-07
9.999999999999999547e-07
8.292279116880349465e-02
1.070092387102146297e-01
3.935934597792921652e-01
2.549689047925979835e-01
7.453916358141242371e-02
5.068807496190310680e-01
1.375198276963726825e-02
1.109792786512499241e+00
5.823246336346540319e-01
1.550933712630909456e-01
3.383573857655407524e-01
9.999999999999999547e-07
9.999999999999999547e-07
9.999999999999999547e-07
9.999999999999999547e-07
9.999999999999999547e-07
5.904823735906045146e-02
1.375198276963720059e-02
9.999999999999999547e-07
9.999999999999999547e-07
9.999999999999999547e-07
9.999999999999999547e-07
9.999999999999999547e-07
9.999999999999999547e-07
4.560588961232662358e-02
9.999999999999999547e-07
9.724872976331689831e-03
9.999999999999999547e-07
9.999999999999999547e-07
9.999999999999999547e-07
3.074273357998856190e-02
9.999999999999999547e-07
9.724872976330789509e-03
9.999999999999999547e-07
9.999999999999999547e-07
9.999999999999999547e-07
9.999999999999999547e-07
9.999999999999999547e-07
1.375198276963738968e-02
9.999999999999999547e-07
9.999999999999999547e-07
9.999999999999999547e-07
9.999999999999999547e-07
9.999999999999999547e-07
9.999999999999999547e-07
9.999999999999999547e-07
4.237055384923636009e-02
2.777491493669930644e+00
1.010205553691793379e-01
4.465231191804209798e-01
1.422209276678207512e+00
1.005929067779194774e+00
8.738332710253743363e-01
1.372270164495903000e+00
1.036889276543982774e+00
1.217658310549210476e+00
1.464122185893983463e+00
1.977419685176262876e+00
2.464623556253657255e-01
2.355411715747267376e+00
2.920681351341879228e+00
2.334023140193963730e+00
2.889361967104555173e+00
2.868147894130097075e+00
2.447148924060917885e+00
3.465850163113391336e+00
3.327138746052794360e+00
7.457066912879167786e-01
5.048328522413480374e-02
2.512124003135651762e-01
3.353947827203250798e-01
3.662983723806127467e-01
3.304335266149763806e-01
4.235834428080904046e-01
4.137625640191465726e-01
5.353296953187223206e-01
4.365230566072580976e-01
1.455100251232206432e-01
8.343685838046319692e-01
3.432034903903045664e-01
4.202469606577164396e-01
4.967106583130654895e-01
4.713664998470701306e-01
4.219523557788868451e-01
5.010359576785345936e-01
6.181143890819966735e-01
5.186628047248602602e-01
9.999999999999999547e-07
1.375198276963708437e-02
2.630890224150789880e+00
3.318581334261726301e+00
3.208205271906600764e+00
3.405779335435011657e+00
3.474205017386871486e+00
3.481431601639628060e+00
3.745068076579332494e+00
3.674700349908862851e+00
4.595967018271751137e+00
6.516163901500495736e-01
3.166570197867805803e+00
2.915517159297952965e+00
2.917244803776227968e+00
4.268437934698499525e+00
3.621205529128861844e+00
3.818806439392375296e+00
4.527245595671471889e+00
4.065361785517920268e+00
2.402226988020444987e-01
1.058175746558656372e-01
6.581529931400282862e-01
6.656674629465089144e-01
6.575492642612228433e-01
6.727657994205125114e-01
7.277048682550287806e-01
6.024749537029876478e-01
8.223537779144101112e-01
7.112514013272138724e-01
6.519114219708219693e-01
1.880212257000707821e+00
1.151638657167759483e+00
7.698899499789922940e-01
1.156749580324272664e+00
1.130521535282099199e+00
1.314178898197646106e+00
1.457109827881044595e+00
1.480483592008644766e+00
1.669471404655632041e+00
9.999999999999999547e-07
2.917016655354642135e-02
4.679062277330266362e+00
5.670694044030692105e+00
6.564990533201724432e+00
6.753374289116615081e+00
6.726349388651761352e+00
7.146513712923757922e+00
7.154550814178018747e+00
6.861016481981910609e+00
8.955129389012616015e-01
9.999999999999999547e-07
1.586700784777083928e-01
6.142859319353573266e-02
1.098539032702314372e-01
6.792608118164510100e-02
1.454312813948422378e-01
9.363473540410183205e-02
1.673461642010453665e-01
1.147314876613049900e-01
2.174341844693399722e-02
1.236326121608386508e-01
1.386425482841697754e-01
6.998911478793537477e-02
1.178771998687246636e-01
1.140767942529454654e-01
1.146397935782780819e-01
9.984706632167002216e-02
1.224449871857015287e-01
7.323365041343549153e-02
1.684164916840361417e-02
3.638169753538659373e-02
8.652355333437917739e-01
8.001738208393067708e-01
8.466541570434698016e-01
8.602799987768929846e-01
9.740015783784367054e-01
8.729945038943784930e-01
8.776589159586563049e-01
1.110006522081970148e+00
1.000506435926547866e+00
1.050376714857258753e-01
1.702255858780200026e-01
2.148075840759853805e-01
2.057503733453570627e-01
1.694806399784723194e-01
2.698927033871267867e-01
2.845914635015344696e-01
2.163196243496628979e-01
3.897366134586321418e-01
2.363305193424551642e-01
4.325349336826303515e-01
7.861925217738169325e-01
8.526000041608582380e-01
8.927492536932883915e-01
8.973965413971631833e-01
8.930774998169878076e-01
8.675758743871770928e-01
9.420152544519644344e-01
9.679767712398827939e-01
7.595715324797104984e+00
7.167799102330831396e+00
9.696796955273045526e+00
1.058880852038511833e+01
9.780456849552800591e+00
9.020859605280781679e+00
8.900434921002775113e+00
8.398970395532961319e+00
7.806185658248916859e+00
7.202388923156466838e+00
2.038314851238831693e+02
4.851755852407412704e+02
5.009647068132084513e+01
1.037814710458005329e+01
4.126531338032296503e+01
2.264970733023061911e+01
4.940233573828981761e+00
7.845086125105336095e+00
6.878582421826578184e+02
1.898181452010423129e+02
2.080335090609628068e+01
4.663635312666687582e+01
3.373115249946694405e+01
5.074347546308325185e+00
2.577297285513337499e+01
1.742571374683581453e+01
1.646931899966895596e+00
6.433649923435223350e+00
4.559741554224275184e+00
8.832212124981549950e-01
9.674649165946797025e-02
1.716396587648812089e+00
3.646738890181864257e+00
1.050815147083867362e+00
2.932396639557315332e-01
2.333739514318741159e-01
2.327477188757191939e+01
4.779443221859306590e+00
2.314757454627209832e+00
6.230196399645006045e-01
4.878128860811995260e+00
5.058810812954965819e-01
2.172755271353634665e+00
3.914567379833868710e-01
1.750307135739322395e-01
5.192295861012066638e+00
9.484615719247842247e-02
3.919090914130997083e-01
2.933954482140216924e-01
4.111754860389206789e-01
1.138932202474074035e-01
3.759035703936352557e-01
3.494725376335168776e-01
1.254031224449893844e-01
1.118528240928755579e-01
5.904823735906045146e-02
3.073749732982744218e-02
3.223618468814932331e-02
3.024440145888230291e-01
2.430957277063282851e-01
2.384489245386137157e-01
7.193079765763381317e-02
9.999999999999999547e-07
2.174012800486676764e-02
9.999999999999999547e-07
9.999999999999999547e-07
9.724872976330380114e-03
9.999999999999999547e-07
1.944598695054666759e-02
4.556469472425857259e-02
3.155535092463723768e-01
1.880013422250594868e-01
9.999999999999999547e-07
9.999999999999999547e-07
9.999999999999999547e-07
9.999999999999999547e-07
5.904823735906045146e-02
1.944598695054603962e-02
4.758621723973905510e-02
7.634568383636754219e-02
4.235028820261617366e-02
1.684164916840436010e-02
9.999999999999999547e-07
9.999999999999999547e-07
9.999999999999999547e-07
9.999999999999999547e-07
9.999999999999999547e-07
2.381389505978186161e-02
9.999999999999999547e-07
1.375198276963691957e-02
9.999999999999999547e-07
9.999999999999999547e-07
9.999999999999999547e-07
9.999999999999999547e-07
9.999999999999999547e-07
9.724872976329949903e-03
9.999999999999999547e-07
9.999999999999999547e-07
9.999999999999999547e-07
9.999999999999999547e-07
1.375198276963720059e-02
9.999999999999999547e-07
9.999999999999999547e-07
9.999999999999999547e-07
9.999999999999999547e-07
9.999999999999999547e-07
9.999999999999999547e-07
9.999999999999999547e-07
3.636202883672437491e-02
9.999999999999999547e-07
9.999999999999999547e-07
9.999999999999999547e-07
9.999999999999999547e-07
9.999999999999999547e-07
9.999999999999999547e-07
9.999999999999999547e-07
9.999999999999999547e-07
9.999999999999999547e-07
9.999999999999999547e-07
9.999999999999999547e-07
9.999999999999999547e-07
9.999999999999999547e-07
9.999999999999999547e-07
9.724872976330123375e-03
1.146986702272381337e-01
3.928799081102647417e-01
2.760653741140681183e-01
4.080645851712090266e-01
1.761517966596238827e-01
3.699071859900963100e-01
3.465459984400999782e-01
1.228198609784507678e-01
1.114400211924787276e-01
5.983801388284501477e-02
3.073749732982744218e-02
4.344839482802987513e-02
4.625233727828355068e-01
4.994963553242777743e-01
2.633732699506405872e-01
4.658651846265027263e-02
5.046556878424624665e-02
7.511136763048538445e-02
3.366795874983438686e-02
9.999999999999999547e-07
3.886889405039085227e-02
1.684164916840590401e-02
9.724872976329743471e-03
4.984771245618360713e-01
1.130817170717340614e-01
8.223332224123056089e-02
8.335967696374187164e-02
2.916158161533975030e-02
9.999999999999999547e-07
9.999999999999999547e-07
9.999999999999999547e-07
9.999999999999999547e-07
9.999999999999999547e-07
8.771650873948753924e-02
1.375198276963694038e-02
4.344839482802954206e-02
4.952457000284258420e-02
1.684164916840502624e-02
9.999999999999999547e-07
9.999999999999999547e-07
9.999999999999999547e-07
9.724872976330123375e-03
7.934554195462251158e-02
9.724872976330543178e-03
2.381389505978148344e-02
9.999999999999999547e-07
9.999999999999999547e-07
9.999999999999999547e-07
9.999999999999999547e-07
9.999999999999999547e-07
2.444504743207495390e-01
1.684164916840490134e-02
1.684164916840584850e-02
9.999999999999999547e-07
9.999999999999999547e-07
9.999999999999999547e-07
9.999999999999999547e-07
8.223332224122553713e-02
1.375198276963666109e-02
9.999999999999999547e-07
9.999999999999999547e-07
9.999999999999999547e-07
9.999999999999999547e-07
9.724872976331642993e-03
9.999999999999999547e-07
9.999999999999999547e-07
9.999999999999999547e-07
9.999999999999999547e-07
9.724872976331414010e-03
9.999999999999999547e-07
9.999999999999999547e-07
9.999999999999999547e-07
9.999999999999999547e-07
9.999999999999999547e-07
9.999999999999999547e-07
9.724872976330945634e-03
9.999999999999999547e-07
2.381389505978161181e-02
1.388612173514512382e-01
4.071913627633073074e-01
2.907677490044565105e-01
4.058370038600164209e-01
1.733634013007911145e-01
3.675690163069074701e-01
3.396293811044633348e-01
1.166866327442812323e-01
1.089286329725226016e-01
5.983801388284501477e-02
3.073749732982744218e-02
4.235028820261344668e-02
4.665136296373183500e-01
4.984771245618312419e-01
2.986725384715849252e-01
5.661189084771753310e-02
2.031294914655633610e-01
1.676281704294581842e-01
6.581103210031477579e-02
7.934554195462749371e-02
9.999999999999999547e-07
9.724872976330406135e-03
1.375198276963718151e-02
4.670942874052158578e-01
2.183847083950074819e-01
9.821039893775361518e-02
1.781484954414572219e-01
1.372151491538397550e-01
6.214628861721133851e-02
5.318776101915374116e-02
2.572064952436021665e-02
1.375198276963696987e-02
2.916158161533958376e-02
6.995154152821989046e-02
2.572064952435857907e-02
5.318776101915477506e-02
8.223332224123146295e-02
1.684164916840558829e-02
1.375198276963719886e-02
9.999999999999999547e-07
9.999999999999999547e-07
9.724872976330794713e-03
1.684164916840433235e-02
9.724872976330220520e-03
9.724872976330865837e-03
9.999999999999999547e-07
9.999999999999999547e-07
9.999999999999999547e-07
9.999999999999999547e-07
9.999999999999999547e-07
8.502044600892939841e-02
7.511136763048557874e-02
2.174012800486741642e-02
9.999999999999999547e-07
9.724872976330563995e-03
9.999999999999999547e-07
9.999999999999999547e-07
9.581988960828104196e-02
2.749516098001259651e-02
9.999999999999999547e-07
9.999999999999999547e-07
9.999999999999999547e-07
9.999999999999999547e-07
2.381389505978152507e-02
9.999999999999999547e-07
9.999999999999999547e-07
9.999999999999999547e-07
9.999999999999999547e-07
9.999999999999999547e-07
9.999999999999999547e-07
9.999999999999999547e-07
9.999999999999999547e-07
9.999999999999999547e-07
9.999999999999999547e-07
9.999999999999999547e-07
9.999999999999999547e-07
9.999999999999999547e-07
9.999999999999999547e-07
1.788906871148241984e-01
4.137028681736647506e-01
2.863520306283310890e-01
4.055645310137449555e-01
1.660251122087875453e-01
3.728903098678382211e-01
3.442696409123423007e-01
1.205586967328923925e-01
1.101918472311565894e-01
5.983801388284501477e-02
2.749516098001238834e-02
3.886889405039104656e-02
4.468897465951395809e-01
4.946638595432679697e-01
2.555857668335291821e-01
8.929388004886869290e-02
1.964035445443528816e-01
1.977265896272022150e-01
5.824759959921413377e-02
6.214628861721190750e-02
2.572064952436020624e-02
1.944598695054556778e-02
2.381389505978149732e-02
4.819868619843261648e-01
2.809993455386038397e-01
1.209386782221336248e-01
1.557298047704193111e-01
1.652170197512329020e-01
3.636202883672301489e-02
7.875493951277835747e-02
4.006321095437997970e-02
1.375198276963697334e-02
1.944598695054757312e-02
1.106095510919013758e-01
2.174012800486676764e-02
6.995154152821989046e-02
6.437059380421215893e-02
2.572064952435938398e-02
9.999999999999999547e-07
9.724872976330364502e-03
9.999999999999999547e-07
1.375198276963738447e-02
4.235028820261352300e-02
1.944598695054644902e-02
4.344839482802762692e-02
1.684164916840538012e-02
9.999999999999999547e-07
9.999999999999999547e-07
9.999999999999999547e-07
9.999999999999999547e-07
1.235638085713155060e-01
5.983801388284538253e-02
3.763645861396456432e-02
3.366795874983534442e-02
9.999999999999999547e-07
9.999999999999999547e-07
9.999999999999999547e-07
1.338572921348619438e-01
2.381389505978154936e-02
1.375198276963702018e-02
1.684164916840620932e-02
9.999999999999999547e-07
9.999999999999999547e-07
2.749516098001306488e-02
9.999999999999999547e-07
9.999999999999999547e-07
9.999999999999999547e-07
9.999999999999999547e-07
8.771650873948728944e-02
9.999999999999999547e-07
9.999999999999999547e-07
9.999999999999999547e-07
9.999999999999999547e-07
9.999999999999999547e-07
9.999999999999999547e-07
1.375198276963720927e-02
9.999999999999999547e-07
9.999999999999999547e-07
2.351072867045055914e-01
4.216046173713387524e-01
3.215029605946660984e-01
3.956821255811862614e-01
1.630401135240765742e-01
3.652864349980146641e-01
3.241868857990927721e-01
1.067884004445038282e-01
1.023672391461935977e-01
5.229628165639373105e-02
2.916158161533576737e-02
3.223618468814916371e-02
4.202100625699385916e-01
4.955810391969954209e-01
2.505912314988422152e-01
1.037142840765472446e-01
2.517306758386001486e-01
2.150422411298497927e-01
8.051341757538452160e-02
8.824553340358214093e-02
3.504102292890928783e-02
1.684164916840640708e-02
1.944598695054666759e-02
4.864759105390885630e-01
2.833509010375280801e-01
1.194110482360651870e-01
2.128450308555940307e-01
2.039781330379716595e-01
6.437059380421024379e-02
8.279846895441775323e-02
3.366795874983524728e-02
1.684164916840629952e-02
2.572064952435769436e-02
7.755989786353298387e-02
3.223618468814608978e-02
6.927896654100804130e-02
8.718417146704916798e-02
1.375198276963667150e-02
9.999999999999999547e-07
9.999999999999999547e-07
9.999999999999999547e-07
9.999999999999999547e-07
2.174012800486659763e-02
1.684164916840548420e-02
1.375198276963669058e-02
9.999999999999999547e-07
9.999999999999999547e-07
9.999999999999999547e-07
9.999999999999999547e-07
9.999999999999999547e-07
9.914983470809488053e-02
4.758621723973896489e-02
1.944598695054616105e-02
9.999999999999999547e-07
9.724872976330489402e-03
9.999999999999999547e-07
9.999999999999999547e-07
5.046556878424428988e-02
9.999999999999999547e-07
9.999999999999999547e-07
9.724872976330654201e-03
9.999999999999999547e-07
9.999999999999999547e-07
9.724872976331207577e-03
9.999999999999999547e-07
9.999999999999999547e-07
9.999999999999999547e-07
9.999999999999999547e-07
9.999999999999999547e-07
9.999999999999999547e-07
9.999999999999999547e-07
9.999999999999999547e-07
9.999999999999999547e-07
9.999999999999999547e-07
9.999999999999999547e-07
9.999999999999999547e-07
9.999999999999999547e-07
1.375198276963713120e-02
2.752066722966941548e-01
4.412649482018866087e-01
3.680914235955608516e-01
3.875777065181698622e-01
1.622153326226337122e-01
3.583422826760946922e-01
3.325471119878210535e-01
1.146986702272310421e-01
1.097724724698659615e-01
5.406437695434844481e-02
2.381389505978180263e-02
2.749516098001125383e-02
4.159301166856583798e-01
4.940035848513310013e-01
2.405285997864248237e-01
8.877130468355449999e-02
2.338606414932954958e-01
2.054531454899440612e-01
6.061735370841962040e-02
7.127727818284546046e-02
1.944598695054578288e-02
9.724872976329955107e-03
9.724872976329346219e-03
4.795850123567703127e-01
2.368736187305426899e-01
1.059196082416645340e-01
2.203217010665532438e-01
2.003416495969506106e-01
5.138916532183908370e-02
7.634568383637108102e-02
2.749516098001235712e-02
9.724872976330284705e-03
2.174012800486658722e-02
7.755989786352662785e-02
2.381389505978193100e-02
9.773715769663185449e-02
7.695524378183328518e-02
9.724872976330383584e-03
9.999999999999999547e-07
9.724872976330439095e-03
9.999999999999999547e-07
1.375198276963738447e-02
3.223618468814845595e-02
2.916158161533799822e-02
2.572064952435905438e-02
1.684164916840600809e-02
9.999999999999999547e-07
9.999999999999999547e-07
9.999999999999999547e-07
9.999999999999999547e-07
7.573109956368001550e-02
4.556469472425980771e-02
1.684164916840584850e-02
1.684164916840628565e-02
9.999999999999999547e-07
1.375198276963732549e-02
9.999999999999999547e-07
6.289660677217100149e-02
9.999999999999999547e-07
9.999999999999999547e-07
9.999999999999999547e-07
9.999999999999999547e-07
9.999999999999999547e-07
9.724872976330426952e-03
9.999999999999999547e-07
9.999999999999999547e-07
9.999999999999999547e-07
9.999999999999999547e-07
1.684164916840550155e-02
9.999999999999999547e-07
9.999999999999999547e-07
9.999999999999999547e-07
9.999999999999999547e-07
9.999999999999999547e-07
9.999999999999999547e-07
9.999999999999999547e-07
9.999999999999999547e-07
9.999999999999999547e-07
3.165966881917940401e-01
4.669134360913457793e-01
3.969912359280137193e-01
3.727212805536129214e-01
1.554409967415106009e-01
3.605368164226528949e-01
3.277068154784139042e-01
1.101918472311510938e-01
1.076498489431320094e-01
4.952457000284387484e-02
2.381389505978180263e-02
2.381389505978194834e-02
3.949497973548297680e-01
4.820129462441995472e-01
2.454600974125666635e-01
8.929388004886799901e-02
2.338606414932947464e-01
2.003416495969503885e-01
6.363793833752280638e-02
5.046556878424723197e-02
1.684164916840500889e-02
9.724872976330406135e-03
9.999999999999999547e-07
4.626009895615215139e-01
2.374002211433268728e-01
9.236523259201978586e-02
2.329649448231369824e-01
1.968457293432595290e-01
6.289660677217702445e-02
8.664846053110988877e-02
3.223618468814907351e-02
1.375198276963715549e-02
2.572064952435918622e-02
7.061758436897164204e-02
2.381389505978194834e-02
7.385594136715642466e-02
5.492684112708160621e-02
2.174012800486668437e-02
9.999999999999999547e-07
9.724872976330563995e-03
9.999999999999999547e-07
9.999999999999999547e-07
3.223618468814885840e-02
1.944598695054739271e-02
2.749516098001385245e-02
9.999999999999999547e-07
9.999999999999999547e-07
9.999999999999999547e-07
9.999999999999999547e-07
9.999999999999999547e-07
6.437059380421041033e-02
5.577581004126215547e-02
2.381389505978154936e-02
9.999999999999999547e-07
9.724872976330364502e-03
9.999999999999999547e-07
9.999999999999999547e-07
4.856515740938744524e-02
2.174012800486667049e-02
1.944598695054691045e-02
9.999999999999999547e-07
9.999999999999999547e-07
9.999999999999999547e-07
1.684164916840590748e-02
9.999999999999999547e-07
9.999999999999999547e-07
9.999999999999999547e-07
9.999999999999999547e-07
3.366795874983440767e-02
9.999999999999999547e-07
9.999999999999999547e-07
9.999999999999999547e-07
9.999999999999999547e-07
9.999999999999999547e-07
9.999999999999999547e-07
9.999999999999999547e-07
9.999999999999999547e-07
9.999999999999999547e-07
3.811265986416899065e-01
4.841818506468729688e-01
4.276010805447477137e-01
3.655513811141857805e-01
1.525196168125714513e-01
3.500521506308189590e-01
3.162495986941862292e-01
1.067884004445037865e-01
9.868128006615982384e-02
4.658651846265401270e-02
2.174012800486657335e-02
1.684164916840550849e-02
3.705937659171346654e-01
4.652981970614699647e-01
2.185793641941848331e-01
9.336580100711541763e-02
2.162292001031358990e-01
1.858901931346368108e-01
6.363793833752379170e-02
3.366795874983498360e-02
2.572064952435956439e-02
9.999999999999999547e-07
9.999999999999999547e-07
4.462229472794350671e-01
2.179947522885943012e-01
9.236523259201941116e-02
2.095987621094757836e-01
1.818247351804318790e-01
5.046556878424525439e-02
7.448635954843817186e-02
1.944598695054710127e-02
1.375198276963726304e-02
9.999999999999999547e-07
1.126736547014142442e-01
9.999999999999999547e-07
6.927896654100530738e-02
6.437059380421218668e-02
1.684164916840531767e-02
9.999999999999999547e-07
9.999999999999999547e-07
9.999999999999999547e-07
1.375198276963713641e-02
9.724872976331195434e-03
2.174012800486661845e-02
1.684164916840395418e-02
1.375198276963731162e-02
9.999999999999999547e-07
9.999999999999999547e-07
9.999999999999999547e-07
9.999999999999999547e-07
6.509486613096543417e-02
6.509486613096884811e-02
2.572064952435845417e-02
2.381389505978195181e-02
9.999999999999999547e-07
9.999999999999999547e-07
9.999999999999999547e-07
6.363793833752207085e-02
1.375198276963723182e-02
1.944598695054691045e-02
9.999999999999999547e-07
9.999999999999999547e-07
9.999999999999999547e-07
1.684164916840431500e-02
9.999999999999999547e-07
9.999999999999999547e-07
9.999999999999999547e-07
9.999999999999999547e-07
1.684164916840550155e-02
9.999999999999999547e-07
9.999999999999999547e-07
9.999999999999999547e-07
9.999999999999999547e-07
9.999999999999999547e-07
9.999999999999999547e-07
9.999999999999999547e-07
9.999999999999999547e-07
9.999999999999999547e-07
4.293075682830521100e-01
4.989874392315790663e-01
4.654468055549430550e-01
3.439706002149641728e-01
1.408090056904394705e-01
3.405466053016393824e-01
2.979092720644840875e-01
1.041592561197337424e-01
8.981331528605027148e-02
4.006321095438006991e-02
2.174012800486657335e-02
1.375198276963713641e-02
3.713628090092261913e-01
4.585263374468033226e-01
1.891623677183420782e-01
7.257830958329787585e-02
2.134470158787688254e-01
1.761517966596206630e-01
5.904823735906274129e-02
4.758621723973886775e-02
2.572064952435994603e-02
9.724872976330406135e-03
9.999999999999999547e-07
4.281727539302814245e-01
1.968457293432577249e-01
7.127727818284536332e-02
1.941747536807904573e-01
1.697390825278738968e-01
5.492684112708153682e-02
6.791344194857124039e-02
1.375198276963714682e-02
1.375198276963720927e-02
1.375198276963738968e-02
5.743564638888633278e-02
9.724872976330421748e-03
7.127727818284566863e-02
5.492684112708177274e-02
1.375198276963685538e-02
9.724872976330007149e-03
9.999999999999999547e-07
9.999999999999999547e-07
9.999999999999999547e-07
9.999999999999999547e-07
3.636202883672454839e-02
1.375198276963710865e-02
9.999999999999999547e-07
9.999999999999999547e-07
9.999999999999999547e-07
9.999999999999999547e-07
9.999999999999999547e-07
6.927896654100471063e-02
5.229628165639349513e-02
2.572064952435972746e-02
2.381389505978195181e-02
9.724872976329861432e-03
9.999999999999999547e-07
9.999999999999999547e-07
3.223618468814679061e-02
1.944598695054686535e-02
2.174012800486673641e-02
1.684164916840440521e-02
9.999999999999999547e-07
9.999999999999999547e-07
9.999999999999999547e-07
9.724872976330399196e-03
9.724872976330458177e-03
9.999999999999999547e-07
9.999999999999999547e-07
9.999999999999999547e-07
9.999999999999999547e-07
9.999999999999999547e-07
9.999999999999999547e-07
9.999999999999999547e-07
9.999999999999999547e-07
9.999999999999999547e-07
9.999999999999999547e-07
9.999999999999999547e-07
9.999999999999999547e-07
4.656690532912861613e-01
4.987452922298566960e-01
4.845932833131646467e-01
3.140365057605898902e-01
1.228198609784448975e-01
3.330772249715126532e-01
2.828001751617704174e-01
9.186071551031331495e-02
7.815975994018913020e-02
4.006321095438006991e-02
1.944598695054590431e-02
1.375198276963713641e-02
3.361222786867347212e-01
4.228044407031681939e-01
1.791373011665978454e-01
8.610931296533420876e-02
2.029166663376814617e-01
1.378761292819943862e-01
4.758621723973956164e-02
1.944598695054837456e-02
1.684164916840639667e-02
9.999999999999999547e-07
9.999999999999999547e-07
4.315987024298350017e-01
1.884667530519392176e-01
8.447059034082828044e-02
1.941747536807888197e-01
1.495351965670972949e-01
5.661189084771891394e-02
5.824759959920447483e-02
1.944598695054581758e-02
9.724872976329955107e-03
9.999999999999999547e-07
5.983801388284443190e-02
2.381389505978178181e-02
5.492684112708155070e-02
4.556469472426077916e-02
1.375198276963719886e-02
9.999999999999999547e-07
9.999999999999999547e-07
9.999999999999999547e-07
9.999999999999999547e-07
9.999999999999999547e-07
2.749516098001057035e-02
9.724872976330373175e-03
9.999999999999999547e-07
9.999999999999999547e-07
9.999999999999999547e-07
9.999999999999999547e-07
9.999999999999999547e-07
8.824553340357929598e-02
4.952457000284337524e-02
1.375198276963714508e-02
9.999999999999999547e-07
9.724872976329861432e-03
9.999999999999999547e-07
9.999999999999999547e-07
6.722007844365886220e-02
2.381389505978200732e-02
9.724872976330675017e-03
1.684164916840440521e-02
9.999999999999999547e-07
9.999999999999999547e-07
9.999999999999999547e-07
9.999999999999999547e-07
9.999999999999999547e-07
9.999999999999999547e-07
9.999999999999999547e-07
2.572064952435850274e-02
9.999999999999999547e-07
9.999999999999999547e-07
9.999999999999999547e-07
9.999999999999999547e-07
9.999999999999999547e-07
9.999999999999999547e-07
9.999999999999999547e-07
9.999999999999999547e-07
9.999999999999999547e-07
1.047675187014627163e+01
5.216046721194249614e+00
5.126991476320205798e+00
1.045447905334713656e+00
2.822344660657843396e-01
1.105836697419156023e+00
5.751027256707034185e-01
1.550933712630909456e-01
3.383573857655407524e-01
6.139801561089155979e-02
1.515286069341634512e-01
5.234345427569248033e-02
5.201110706908270709e-01
4.741288744851771542e-01
2.945306931806647155e-01
1.147992754363789392e-01
9.999999999999999547e-07
3.224616960216060424e-02
9.999999999999999547e-07
9.999999999999999547e-07
1.944874595266076270e-02
9.999999999999999547e-07
3.505633138026944401e-02
4.556469472425857259e-02
1.594945973591261668e+00
1.082238796296144168e+00
9.999999999999999547e-07
9.999999999999999547e-07
9.999999999999999547e-07
9.999999999999999547e-07
1.168938205817450504e-01
1.300885493057795106e-01
1.677384518955617188e-01
8.729036594193971543e-02
7.074207738520575661e-02
7.656206385866380637e-02
9.999999999999999547e-07
9.999999999999999547e-07
9.999999999999999547e-07
9.999999999999999547e-07
9.999999999999999547e-07
1.182770627169811295e-01
9.999999999999999547e-07
1.375198276963691957e-02
9.999999999999999547e-07
9.999999999999999547e-07
9.999999999999999547e-07
9.999999999999999547e-07
9.999999999999999547e-07
9.724872976329949903e-03
9.999999999999999547e-07
9.999999999999999547e-07
9.999999999999999547e-07
9.999999999999999547e-07
4.348583689387051920e-02
9.999999999999999547e-07
9.999999999999999547e-07
9.999999999999999547e-07
9.999999999999999547e-07
9.999999999999999547e-07
9.999999999999999547e-07
9.999999999999999547e-07
9.422706766612233553e-02
9.999999999999999547e-07
9.999999999999999547e-07
9.999999999999999547e-07
9.999999999999999547e-07
9.999999999999999547e-07
9.999999999999999547e-07
9.999999999999999547e-07
9.999999999999999547e-07
9.999999999999999547e-07
9.999999999999999547e-07
9.999999999999999547e-07
9.999999999999999547e-07
9.999999999999999547e-07
9.999999999999999547e-07
1.944874595266024922e-02
1.499539231721816535e+01
6.277927975066695865e+00
7.507238365210518793e+00
1.494776274437700003e+00
4.732291867120654860e-01
1.572604369743130004e+00
1.087826305449440145e+00
2.783270983252671971e-01
6.736444623907871243e-01
1.469371756138056484e-01
8.248846974319205827e-02
1.502388778760293253e-01
1.441167383996591500e+00
1.820977891940584570e+00
5.627992713822618231e-01
9.765972463667239867e-02
8.242795728544775880e-02
1.176279636952996671e-01
5.050453674837789009e-02
9.999999999999999547e-07
3.886889405039085227e-02
1.684164916840590401e-02
2.917261892898565662e-02
2.842251795137538561e+00
1.926768908233865152e-01
1.233951464841414325e-01
2.372387635430047159e-01
6.449133920432197076e-02
9.999999999999999547e-07
9.999999999999999547e-07
9.999999999999999547e-07
9.999999999999999547e-07
9.999999999999999547e-07
1.375092019676293631e-01
2.750296553927388324e-02
8.852477102466096981e-02
5.494637401966692702e-02
1.684164916840502624e-02
9.999999999999999547e-07
9.999999999999999547e-07
9.999999999999999547e-07
7.779198381064099388e-02
1.191853543740587495e-01
1.944874595266108883e-02
1.166629504149676172e-01
9.999999999999999547e-07
9.999999999999999547e-07
9.999999999999999547e-07
9.999999999999999547e-07
9.999999999999999547e-07
8.884364560005192368e-01
2.917016655354631033e-02
3.368229833681169599e-02
9.999999999999999547e-07
9.999999999999999547e-07
9.999999999999999547e-07
9.999999999999999547e-07
1.762751604051919219e-01
2.174341844693764361e-02
9.999999999999999547e-07
9.999999999999999547e-07
9.999999999999999547e-07
9.999999999999999547e-07
2.917261892897670891e-02
9.999999999999999547e-07
9.999999999999999547e-07
9.999999999999999547e-07
9.999999999999999547e-07
2.917261892897779138e-02
9.999999999999999547e-07
9.999999999999999547e-07
9.999999999999999547e-07
9.999999999999999547e-07
9.999999999999999547e-07
9.999999999999999547e-07
9.724872976330945634e-03
9.999999999999999547e-07
4.455536334630817025e-02
1.751761654056639728e+01
6.225473830733229796e+00
9.227570131186322300e+00
1.625217163805692255e+00
5.813848168524230475e-01
2.077473279448662336e+00
1.338846551287162123e+00
2.916827021712637968e-01
9.546339957156404488e-01
1.811289328163497581e-01
1.133596478108071792e-01
1.677730998589317957e-01
1.489552865978960083e+00
2.010262968358798918e+00
4.857294386266700625e-01
6.140879230592310306e-02
5.235036441872507051e-01
2.943759957246018799e-01
1.239392665141033772e-01
2.464920324596981960e-01
9.999999999999999547e-07
9.724872976330406135e-03
1.375198276963718151e-02
2.553219747775096415e+00
3.366650894411722383e-01
7.248769331463938981e-01
4.349719524803495330e-01
4.209709674505408006e-01
8.005038982531195724e-02
1.674032230885795502e-01
2.572064952436021665e-02
1.375198276963696987e-02
1.064973514619888678e-01
7.941538493738123372e-02
3.074273357998738923e-02
9.215151180665645536e-02
9.348104402167067839e-02
1.684164916840558829e-02
1.375198276963719886e-02
9.999999999999999547e-07
9.999999999999999547e-07
3.889649190532318279e-02
2.917016655354637972e-02
9.724872976330220520e-03
2.917261892898037265e-02
9.999999999999999547e-07
9.999999999999999547e-07
9.999999999999999547e-07
9.999999999999999547e-07
9.999999999999999547e-07
7.628839285400748071e-01
1.026881984784342311e-01
4.560236008011512437e-02
9.999999999999999547e-07
9.724872976330563995e-03
9.999999999999999547e-07
9.999999999999999547e-07
2.481775298336802160e-01
2.749516098001259651e-02
9.999999999999999547e-07
9.999999999999999547e-07
9.999999999999999547e-07
9.999999999999999547e-07
3.637825628080162965e-02
9.999999999999999547e-07
9.999999999999999547e-07
9.999999999999999547e-07
9.999999999999999547e-07
9.999999999999999547e-07
9.999999999999999547e-07
9.999999999999999547e-07
9.999999999999999547e-07
9.999999999999999547e-07
9.999999999999999547e-07
9.999999999999999547e-07
9.999999999999999547e-07
9.999999999999999547e-07
9.999999999999999547e-07
1.778175919430268337e+01
7.169715104467501376e+00
1.134466782627252712e+01
1.456690889133859912e+00
5.701720972782521324e-01
2.204976082610775823e+00
1.107163054205506647e+00
2.871330329809038129e-01
7.240208496334010757e-01
1.417262142732122754e-01
8.248846974319060110e-02
1.660976999102759533e-01
1.152669469167594274e+00
1.499652038141737087e+00
4.772198504311286338e-01
1.142347137576424504e-01
5.230628128434948731e-01
2.736459253940465852e-01
7.584154048164667983e-02
2.616329650704475873e-01
2.572064952436020624e-02
3.074680560247350022e-02
2.916648760374563817e-02
2.466274012116195902e+00
8.870808149311582014e-01
3.031159586128858718e-01
3.071665650453820895e-01
2.875416471464366519e-01
6.146788487713591292e-02
4.019442701700021159e-01
4.858945642529486492e-02
2.174341844693625930e-02
1.010448950104259613e-01
1.357395461624015531e-01
2.174012800486676764e-02
1.223807038396246827e-01
8.682805035416017725e-02
2.572064952435938398e-02
9.999999999999999547e-07
9.724872976330364502e-03
9.999999999999999547e-07
2.750296553927477142e-02
6.371657946567595154e-02
6.522551345560451130e-02
8.851709366712567917e-02
2.381764991167321238e-02
9.999999999999999547e-07
9.999999999999999547e-07
9.999999999999999547e-07
9.999999999999999547e-07
7.184739711626425551e-01
1.331405066868280862e-01
5.049816223017750821e-02
3.764311075865399425e-02
9.999999999999999547e-07
9.999999999999999547e-07
9.999999999999999547e-07
3.107240760384787359e-01
2.381389505978154936e-02
1.375198276963702018e-02
2.381764991167244910e-02
9.999999999999999547e-07
9.999999999999999547e-07
3.224173224436492624e-02
9.999999999999999547e-07
9.999999999999999547e-07
9.999999999999999547e-07
9.999999999999999547e-07
3.019395490867506915e-01
9.999999999999999547e-07
9.999999999999999547e-07
9.999999999999999547e-07
9.999999999999999547e-07
9.999999999999999547e-07
9.999999999999999547e-07
1.375198276963720927e-02
9.999999999999999547e-07
9.999999999999999547e-07
1.835243600888736282e+01
7.471291423950039423e+00
1.087031575754944512e+01
1.424867292503187555e+00
5.917515343009057682e-01
2.162753597466096522e+00
1.057539512121640213e+00
2.597364846876873412e-01
7.618839491896290950e-01
8.524354933112120170e-02
1.129495019561560371e-01
1.158402820958109591e-01
8.479620685175881523e-01
2.062631520903131843e+00
3.866801429996408745e-01
1.493840662502080030e-01
7.066415801556278353e-01
3.409574286890200145e-01
1.268180781055599782e-01
1.498701181965678975e-01
3.504102292890928783e-02
2.381764991167260523e-02
3.074680560247193897e-02
3.972771353351411516e+00
9.900061956028336496e-01
5.095151290028622215e-01
5.108450527593667578e-01
4.420386055464092800e-01
1.059027220545237791e-01
2.506062183851827663e-01
6.520357422316699902e-02
2.917016655354620278e-02
7.340050038466706950e-02
1.389542389531199795e-01
3.223618468814608978e-02
1.239164651481814428e-01
9.293467621935477818e-02
1.375198276963667150e-02
9.999999999999999547e-07
9.999999999999999547e-07
9.999999999999999547e-07
9.999999999999999547e-07
7.468154797780177101e-02
1.684164916840548420e-02
1.375198276963669058e-02
9.999999999999999547e-07
9.999999999999999547e-07
9.999999999999999547e-07
9.999999999999999547e-07
9.999999999999999547e-07
5.836394863195144556e-01
8.469957640522561559e-02
3.505633138026800766e-02
9.999999999999999547e-07
9.724872976330489402e-03
9.999999999999999547e-07
9.999999999999999547e-07
1.174128562442399298e-01
9.999999999999999547e-07
9.999999999999999547e-07
9.724872976330654201e-03
9.999999999999999547e-07
9.999999999999999547e-07
9.724872976331207577e-03
9.999999999999999547e-07
9.999999999999999547e-07
9.999999999999999547e-07
9.999999999999999547e-07
9.999999999999999547e-07
9.999999999999999547e-07
9.999999999999999547e-07
9.999999999999999547e-07
9.999999999999999547e-07
9.999999999999999547e-07
9.999999999999999547e-07
9.999999999999999547e-07
9.999999999999999547e-07
1.375198276963713120e-02
1.996161374527411780e+01
6.376411499572165908e+00
1.143863355245419022e+01
1.505289699789904345e+00
5.003133191136401869e-01
2.024387985949104518e+00
1.141655043496668798e+00
3.333185188643513763e-01
7.349538219996715194e-01
9.214238979029985843e-02
7.210066269831318098e-02
8.530856363570868406e-02
1.452775005375027684e+00
2.353330662290373354e+00
4.201818441988348640e-01
1.342980719979347537e-01
6.276815862572774352e-01
2.829484022375604590e-01
7.827499962694690894e-02
1.620898743217969173e-01
3.074680560247409003e-02
1.944874595265991268e-02
9.724872976329346219e-03
3.095921282570815780e+00
1.069994529236663050e+00
6.069335405195324107e-01
6.054757164467794439e-01
3.641810687708239014e-01
7.137882585961796700e-02
3.213129939028418480e-01
2.749516098001235712e-02
9.724872976330284705e-03
1.001046633863585389e-01
1.168212777460631707e-01
2.381389505978193100e-02
2.104530141110212693e-01
8.564291894479678091e-02
9.724872976330383584e-03
9.999999999999999547e-07
9.724872976330439095e-03
9.999999999999999547e-07
4.009266321645437586e-02
1.082542111281011299e-01
3.764881166144371655e-02
2.572064952435905438e-02
1.684164916840600809e-02
9.999999999999999547e-07
9.999999999999999547e-07
9.999999999999999547e-07
9.999999999999999547e-07
9.720661536233019540e-01
9.319679519710320770e-02
3.368229833681169599e-02
1.684164916840628565e-02
9.999999999999999547e-07
1.375198276963732549e-02
9.999999999999999547e-07
7.766313279894138111e-02
9.999999999999999547e-07
9.999999999999999547e-07
9.999999999999999547e-07
9.999999999999999547e-07
9.999999999999999547e-07
9.724872976330426952e-03
9.999999999999999547e-07
9.999999999999999547e-07
9.999999999999999547e-07
9.999999999999999547e-07
1.684164916840550155e-02
9.999999999999999547e-07
9.999999999999999547e-07
9.999999999999999547e-07
9.999999999999999547e-07
9.999999999999999547e-07
9.999999999999999547e-07
9.999999999999999547e-07
9.999999999999999547e-07
9.999999999999999547e-07
1.977109556435376803e+01
7.218695121709623130e+00
1.324431115953772142e+01
1.529269256315123782e+00
5.893415342041339322e-01
1.985450440518525150e+00
1.118965146219562001e+00
3.144448534717507182e-01
6.417470212865427071e-01
9.567139116535307297e-02
6.593727696902394741e-02
6.300797227435066261e-02
8.594350170346735096e-01
1.731535523098618246e+00
4.544200302989057638e-01
1.513862007299521251e-01
6.782404355646765026e-01
3.671379194590481121e-01
9.461772212779880065e-02
1.128845641685805451e-01
1.684164916840500889e-02
9.724872976330406135e-03
9.999999999999999547e-07
3.447022502206034567e+00
9.656014265070759217e-01
6.184719183069110615e-01
6.522932668503421683e-01
3.463276315307891595e-01
9.948944447346814990e-02
4.886893273808458060e-01
3.636842233058758256e-02
2.750296553927431345e-02
5.051515915776934318e-02
1.123621987384412074e-01
3.765356175440725400e-02
1.442601546035790772e-01
6.866845956757916536e-02
2.749971390877125471e-02
9.999999999999999547e-07
9.724872976330563995e-03
9.999999999999999547e-07
9.999999999999999547e-07
1.019457622408379560e-01
1.944598695054739271e-02
3.637383133223394405e-02
9.999999999999999547e-07
9.999999999999999547e-07
9.999999999999999547e-07
9.999999999999999547e-07
9.999999999999999547e-07
4.520784452561111832e-01
8.467360084969828560e-02
3.765356175440744829e-02
9.999999999999999547e-07
2.917261892898272840e-02
9.999999999999999547e-07
9.999999999999999547e-07
1.009811569765558942e-01
2.174012800486667049e-02
6.806022807384352891e-02
9.999999999999999547e-07
9.999999999999999547e-07
9.999999999999999547e-07
1.684164916840590748e-02
9.999999999999999547e-07
9.999999999999999547e-07
9.999999999999999547e-07
9.999999999999999547e-07
1.064713187570130309e-01
9.999999999999999547e-07
9.999999999999999547e-07
9.999999999999999547e-07
9.999999999999999547e-07
9.999999999999999547e-07
9.999999999999999547e-07
9.999999999999999547e-07
9.999999999999999547e-07
9.999999999999999547e-07
1.974683144375108057e+01
7.089484031891138294e+00
1.184418122739711166e+01
1.506496867929496997e+00
4.206840012335639201e-01
2.087676711778367444e+00
1.083401652572770768e+00
2.832757187457830561e-01
5.032664497098017220e-01
9.318892700208256108e-02
6.805654913982257803e-02
4.125394830891850051e-02
1.020451651041367924e+00
2.342019800043095401e+00
3.714075695399177701e-01
2.212725442635308237e-01
6.056024189179690653e-01
2.432680015901508563e-01
8.896852218345602248e-02
4.661568574512345298e-02
3.074273357998533532e-02
9.999999999999999547e-07
9.999999999999999547e-07
4.222410240336627929e+00
1.027491508346656257e+00
6.127072983537007467e-01
5.744227047305267009e-01
3.381311125561316522e-01
1.051142633240758489e-01
2.999808460778752295e-01
3.505633138027052648e-02
2.174341844693498255e-02
9.999999999999999547e-07
1.720796617851290400e-01
9.999999999999999547e-07
1.465659048792538055e-01
9.758058064381769370e-02
4.125394830892104014e-02
9.999999999999999547e-07
9.999999999999999547e-07
9.999999999999999547e-07
1.375198276963713641e-02
9.724872976331195434e-03
4.455536334630926659e-02
1.684164916840395418e-02
1.375198276963731162e-02
9.999999999999999547e-07
9.999999999999999547e-07
9.999999999999999547e-07
9.999999999999999547e-07
2.989949332863343079e-01
1.466401976386167150e-01
3.888683488407262967e-02
2.916648760374180097e-02
9.999999999999999547e-07
9.999999999999999547e-07
9.999999999999999547e-07
1.027674115510012198e-01
1.375198276963723182e-02
1.350750619348469461e-01
9.999999999999999547e-07
9.999999999999999547e-07
9.999999999999999547e-07
1.684164916840431500e-02
9.999999999999999547e-07
9.999999999999999547e-07
9.999999999999999547e-07
9.999999999999999547e-07
5.052294750521187788e-02
9.999999999999999547e-07
9.999999999999999547e-07
9.999999999999999547e-07
9.999999999999999547e-07
9.999999999999999547e-07
9.999999999999999547e-07
9.999999999999999547e-07
9.999999999999999547e-07
9.999999999999999547e-07
1.931093470699028458e+01
6.230304715882135191e+00
1.170614817471061819e+01
1.434404781906245763e+00
5.193044688425514366e-01
2.077858221686464724e+00
1.006337106146155014e+00
2.229382130347262181e-01
4.012029788001717501e-01
7.774391975061689664e-02
4.237983903183711876e-02
1.375198276963713641e-02
1.331453993991320361e+00
2.405566968413289430e+00
3.069725911427484966e-01
1.399281588697398326e-01
6.144925288612433922e-01
2.744535074839752342e-01
8.464381418666723500e-02
8.524354933110751820e-02
2.572064952435994603e-02
9.724872976330406135e-03
9.999999999999999547e-07
3.672932257583715998e+00
1.384260265309825710e+00
1.284021731605165528e-01
5.142792795192674404e-01
3.217510169352545413e-01
1.733298192365909929e-01
2.405754010749619753e-01
1.375198276963714682e-02
1.375198276963720927e-02
2.750296553927478183e-02
1.688224743979755971e-01
9.724872976330421748e-03
1.468707047384515130e-01
6.657579040356396971e-02
2.174341844693679013e-02
9.724872976330007149e-03
9.999999999999999547e-07
9.999999999999999547e-07
9.999999999999999547e-07
9.999999999999999547e-07
4.346321093006272340e-02
1.375198276963710865e-02
9.999999999999999547e-07
9.999999999999999547e-07
9.999999999999999547e-07
9.999999999999999547e-07
9.999999999999999547e-07
2.686226086701550830e-01
7.137882585961655146e-02
4.957257633181487433e-02
2.916648760374180097e-02
2.917261892898509804e-02
9.999999999999999547e-07
9.999999999999999547e-07
3.223618468814679061e-02
1.944598695054686535e-02
6.874967080325276869e-02
1.684164916840440521e-02
9.999999999999999547e-07
9.999999999999999547e-07
9.999999999999999547e-07
1.944874595266080086e-02
9.724872976330458177e-03
9.999999999999999547e-07
9.999999999999999547e-07
9.999999999999999547e-07
9.999999999999999547e-07
9.999999999999999547e-07
9.999999999999999547e-07
9.999999999999999547e-07
9.999999999999999547e-07
9.999999999999999547e-07
9.999999999999999547e-07
9.999999999999999547e-07
9.999999999999999547e-07
1.861912108859127102e+01
6.926532113700672788e+00
1.169429998115035474e+01
1.318271125939019184e+00
3.314097457058570728e-01
2.092248687313701616e+00
9.348393390646161372e-01
1.757743691272422304e-01
3.410329526493943719e-01
5.410736392116152066e-02
4.125091352155577790e-02
3.074971385980473579e-02
7.358722259777565888e-01
1.617063336171610022e+00
3.202299754140938703e-01
2.707329852444554930e-01
5.374355107334043424e-01
1.969658474965413630e-01
5.580466107259565711e-02
7.778094780219349524e-02
1.684164916840639667e-02
9.999999999999999547e-07
9.999999999999999547e-07
3.994982062898425390e+00
1.469207848659263238e+00
1.913943507079400586e-01
5.587354772660363400e-01
3.049145002281565819e-01
1.141301635251328744e-01
1.598721819848654135e-01
1.944598695054581758e-02
1.944874595265991268e-02
9.999999999999999547e-07
1.575681382240939066e-01
2.381389505978178181e-02
1.508529955972496284e-01
6.517613979721603723e-02
1.375198276963719886e-02
9.999999999999999547e-07
9.999999999999999547e-07
9.999999999999999547e-07
9.999999999999999547e-07
9.999999999999999547e-07
6.375586365354896090e-02
9.724872976330373175e-03
9.999999999999999547e-07
9.999999999999999547e-07
9.999999999999999547e-07
9.999999999999999547e-07
9.999999999999999547e-07
2.778664818538362780e-01
1.473612238487871096e-01
2.174341844693473275e-02
9.999999999999999547e-07
9.724872976329861432e-03
9.999999999999999547e-07
9.999999999999999547e-07
8.734198143283737614e-02
2.381389505978200732e-02
9.724872976330675017e-03
1.684164916840440521e-02
9.999999999999999547e-07
9.999999999999999547e-07
9.999999999999999547e-07
9.999999999999999547e-07
9.999999999999999547e-07
9.999999999999999547e-07
9.999999999999999547e-07
1.028795980974340080e-01
9.999999999999999547e-07
9.999999999999999547e-07
9.999999999999999547e-07
9.999999999999999547e-07
9.999999999999999547e-07
9.999999999999999547e-07
9.999999999999999547e-07
9.999999999999999547e-07
9.999999999999999547e-07
6.423358802613835516e-01
7.238959949027670149e-01
5.218348799877243760e-01
7.627511067981279647e-01
7.527996926072588746e-01
5.234477585148480383e-01
7.779976122844569630e-01
5.168371683891634927e-01
5.618410195357911308e-01
8.083995171939056812e-01
5.754949527567353451e-01
1.118460029942071685e+02
6.149771728981348051e-01
2.106383548599049504e+01
4.877890397566089575e+01
3.718299966118602384e+01
5.936900527858950394e-01
6.592895847513398078e-01
5.423465228143089689e+01
6.431158723989345294e-01
4.639791647290199762e+03
7.198104022843747618e-01
1.625579999778833837e+02
5.023246588729081850e+03
1.307760395034970600e+02
3.451332084683075152e+01
3.132645727684627346e+01
3.034197808654175432e+01
9.114896448227646033e+03
7.696587024223042750e-01
1.098890633852143139e+01
1.643113484930907831e+01
1.643113484930907831e+01
7.221933910300900372e+00
9.535098856433120318e+01
1.529774448713278723e+01
1.810836236963397994e+01
1.184727534325885756e+01
7.268636694643980656e-01
7.972508648342899740e-01
1.896120005681289342e+02
2.893408765778533720e+01
8.453397210210903623e+00
1.234063156834677670e+02
8.358519911246304890e-01
4.250743059486470840e-03
2.110502182697274804e+02
7.824095261104343081e+03
8.857163145488518019e-01
8.141709758614877046e+01
3.334713948147655316e+00
6.906396370016032904e+00
1.608600217312802627e+01
5.552847408342611146e+01
2.004076873427684689e+02
2.096670611946690030e+02
8.898050494408366040e-01
1.361426977357099349e+04
9.771559301662926522e-01
1.197669750396734889e+04
1.643493112674635540e+03
2.439200082015374704e+01
2.048667509783052196e+02
5.663046871522251280e+00
2.442830542274448646e+02
9.598585608380569845e-01
9.826806955080888883e+01
2.062891832040643791e+01
3.445029292570714574e+01
8.244564801298213119e-01
1.754362977830955117e+01
2.094972397191510183e+01
4.779201461771953596e+00
1.016686026642384277e+00
6.243299751777008169e+03
1.183822719642899202e+00
4.780246922294498733e-03
9.066789834469243203e+01
3.423966223749621918e+02
6.066954621506599779e+02
2.650243691243505850e+02
1.422623114991469429e+00
4.043828862428699544e+00
1.390535489358686982e+00
2.843932590426693707e+01
8.442587383199256124e+01
3.365763418081717617e+01
1.734284154242119257e+04
1.536563236908496219e+04
1.652419102754177693e+00
5.381314330740953977e+01
4.258776613284086743e+00
1.910137973028574798e+00
2.160038191962234677e+00
1.933490717300903494e+00
1.112311521089151825e+02
2.863663781822491572e+01
3.104294550757058957e+00
3.857336611068769798e+02
3.016453566099671662e+02
2.253535698377372398e+01
1.779996033659420718e+01
2.417224535959716203e+00
5.683411147584493506e+00
2.019882438887781717e+01
4.734096813313512797e+01
1.765453813265754798e+04
2.665459197412618497e+00
2.471578603172198907e+00
1.303079787312081237e+02
1.952113667979927050e+04
1.524942417116519344e+00
1.965413660144037777e+01
4.645582991194670086e+01
4.357877511761877543e+00
3.246446348725182816e+02
6.309924805819637494e-02
4.265401224185426443e+00
4.065086030072342282e+01
1.071081131660220898e+01
1.946863201240198293e+01
1.005148373132132278e+01
3.065217576086733953e+00
4.357197895742451976e+00
1.919835091760511568e+04
4.279001392886365807e+02
6.575517439611491000e+01
1.411249899855963008e+02
8.332310888027942397e+00
1.837596687352432423e-01
2.829053661211779769e+01
2.088813694815106282e+04
5.214892464421988194e+01
3.438869884514803630e+02
2.462541573751205082e+00
2.240837563707753759e+02
4.032256982514532655e+07
4.032257241793506593e+07
1.896422517861537926e+01
1.866988194408035540e+01
6.777554547284425635e-02
2.074959387535619815e-01
2.483935967448477999e+00
1.514155529705076049e+02
2.062579376032389337e+04
9.876617684401500785e-01
9.296455484235138789e-01
1.620657684945029375e-01
5.471397000894437035e+00
2.217455348642564059e+04
8.834127474213501330e+01
4.890165742549062884e+02
7.698134232148468037e+00
3.603346474982792529e+02
8.493408193338491685e+01
1.651916841166200811e+01
3.464759317558140150e+00
1.513630615841637717e+00
1.811833873081069024e-01
7.989290142908806125e+00
7.989290142908806125e+00
2.096069717674104549e+00
1.430923548241957555e+00
1.618123519116358864e+02
1.722673706952506878e+00
9.307092470835689824e+01
2.203736082402140528e+04
3.044034272215473180e+01
4.945060495396177771e+02
5.464086269855407060e-03
9.119939653581691346e+02
1.292127966653334736e-01
5.991414009638377003e+00
3.041373387600946818e-02
3.696500721170307315e+02
1.682648738925446139e+02
1.112733219120837020e+02
1.020380361007904524e+00
2.274390706770212273e+04
5.803656627232110843e+00
6.839111815048453558e+00
1.562955751639984125e+00
3.089459298144024757e+01
2.393554799788031960e+04
1.991148094609290417e-02
4.845664756179941968e+00
1.522694637690685937e+01
2.642652267966761315e+01
5.192834913449228225e+02
5.823246336346540319e-01
2.775380710707143983e+00
1.222176958219534754e+03
4.686107913260403102e+00
1.434989461969481397e+02
1.492127588595894316e+01
2.181578381372362685e+01
3.516611239997115668e+00
4.145646551801616120e+00
4.681943476455054931e-01
5.656087946219910734e+00
1.795339018743406845e+00
7.798630231826291226e-01
1.108706795479441620e+00
6.202750705036047529e-01
3.571243733124432662e+00
2.537684996887275002e+00
1.085010512716407360e+00
2.585616355394263710e+00
1.013771079316546064e+01
6.339578102843551610e-01
5.415852858652757504e+02
4.004853213802194745e+01
2.340497258428239320e+02
2.546890514224934421e+01
1.794074526822211055e+02
7.701134957532987935e-01
1.207842189068885075e+00
9.255813256682971613e+00
1.444892843855720699e+00
1.662652808035997021e+00
4.080329496605987316e+01
4.937604060067291023e+00
2.356299855052454859e+03
1.738509432120480369e+01
3.783176237905383488e-01
7.639031386894099995e+00
1.969408962949113402e+03
7.039655650326674952e+00
2.105684030047106717e+03
2.329112854692278467e-01
4.132287779020611396e-01
2.395940564568948972e+01
4.328786568595536899e+00
2.248279087110466321e+02
2.168454180527030815e+02
2.468197933421181389e+01
8.456273484591267930e-01
8.736155673455707482e-02
7.513992486191577169e-02
3.001833951447137050e-01
4.083144413895500868e+00
8.589029575993869003e+03
2.148234944815124436e+03
2.335351021609563815e-01
3.995439767327316205e-01
5.172904566719385144e-01
7.535604385325313181e+00
2.284742317826874114e+03
8.402539859150672807e-01
8.962442745749308326e-01
1.765995889169091670e+00
4.631992359104406098e+00
1.551133265003849829e+03
3.485880363125972714e-01
3.485880363125972714e-01
1.459651973326143661e+02
1.291525577377322376e-01
1.398657676362750912e+01
1.941572478403255919e-01
7.644487876427469297e-01
5.176407019736723569e+00
1.990888988786057467e+01
1.197065766892015937e+00
5.949423624031182634e-01
3.432560556386981432e+00
5.952394355102170742e-01
3.106218121533271259e-01
1.989698132020522081e+01
5.476832668877489141e+01
2.989690447122669514e+00
4.644791979740588431e+03
7.319959376004828155e-02
7.953767335512085257e-02
6.265121619507663109e-01
8.221247294856378858e+02
7.720420638250262527e+03
2.755263422968568676e+01
9.408765593243666181e-02
7.740800797588809345e-01
9.630745515407634905e-02
7.251188274280393671e+03
9.964843115198557255e-02
6.150788580150974051e-03
6.814371552193220216e-01
7.566630481187704149e-02
2.489415656823308065e-01
5.404973630649840999e+01
2.044460752863878739e+00
7.431699699516498114e+00
1.291908009911533650e+00
1.637785858563572505e+00
8.602387423664187294e-01
1.550933712630909456e-01
2.623988315537769012e+01
5.181488361618531435e-01
1.811063698046550818e-01
8.491835530270587697e+03
1.730174249224050342e+01
5.437791285744847380e-01
2.499451089092827516e+01
2.911891220382770040e+00
1.971669517882077338e+00
8.383470871540394498e+00
3.813025360186821922e-01
9.353564752124035294e+03
8.166056801509239449e+01
9.187958343260033800e+00
9.238299672276504282e+00
6.175996791400413244e-01
1.986158492063492531e+01
4.587198641688051914e+00
2.403221439724809727e+00
6.594898331173546513e-01
1.475581078411159375e+01
4.421617643631431394e-01
3.698142507293165071e-01
1.102044139091396119e-01
1.518426331816558950e+01
4.281474579880932829e+00
4.117243746046453934e-01
5.816293341378254809e+03
9.006565773532720698e+00
6.500427706958776142e+00
1.658399842801978252e+01
7.541954634844371536e-03
9.210104408123275022e+00
1.210069792081249068e-01
3.455644987676065316e+00
4.307394989247287143e+00
3.376712790509989182e-01
4.589223466097872572e-01
3.769627047737975079e-01
7.095972413320751571e+00
1.617773507664771415e+01
4.681018286441918974e+00
1.211784652798777229e+00
1.109792786512499241e+00
1.109792786512499241e+00
4.456589496858521571e+00
2.323842246065317863e+00
1.016371112425852097e+01
1.167523662568450138e-01
9.841883699302179586e-03
8.732348514654908911e+00
3.755163586241271889e-01
1.790402146453640375e+00
1.114206896351016329e+00
1.332380062633932383e+00
9.538736405083579228e+00
7.512027170229043649e-02
1.100238868356849586e+01
4.167346991831918146e+00
6.557381293525312458e+02
1.088817377867902714e+01
2.150657472301943970e+10
1.641671187256598108e-01
3.342890302767708022e+01
7.426525936464313249e-01
7.206917559280682228e-01
1.096224790430982532e+00
1.407731784021410704e+01
3.176729615763973925e+03
2.228240695417590622e+00
1.310040098241754131e-02
6.239309939330978771e+00
2.547630540109379993e+01
2.374374665010992924e+00
1.001664116888674272e+01
7.480436610914682483e+00
1.510134296327352577e-01
1.699621032852594027e-01
4.579470759691586323e+01
5.483008533495534742e-01
9.639827651218842774e+00
1.768279426926354647e-01
2.644118601450033412e-01
1.392605933764980153e-01
1.072432081762193068e+00
8.127054192804751054e+00
2.435984185824346948e-01
9.328889704750207290e-01
8.615360477714827381e-01
6.965853128005559483e+03
6.806356517106769699e-01
2.961391466840081477e-01
1.036858479805762201e+01
1.240803384269720233e+01
2.154649758541688498e-01
1.197189547865282577e+01
2.027504699843151670e+01
2.587501057989882725e+01
1.116909878207772877e+01
7.508404106321962956e+01
7.199280915616402865e+01
8.556666380735816757e-02
8.556666380735816757e-02
1.635632670296187641e+01
8.556666380735816757e-02
8.556666380735816757e-02
2.456058932078401119e-02
