4.216449043600570121e+02
8.270089662447254852e+00
3.613127127285473250e+01
6.053976248241887959e+01
6.938938115330515188e-01
1.131303445850918132e+00
9.982348804500795758e-02
5.349349507735583842e+01
2.892510548523206637e+01
6.229957805907172741e+00
5.538238396624472415e+01
3.082858649789029570e+01
1.312728551336146232e+01
3.870508087201125136e+01
6.230485232067510815e+00
1.059497187060479823e-01
2.451652601969057876e+00
5.801687763713080093e-02
1.061761603375527407e+01
2.456838959212376849e+01
2.044479606188467002e+01
2.850914205344585284e+00
4.299578059071730074e+00
5.819268635724331867e-02
3.484528832630098272e-01
4.752109704641350185e-01
2.758438818565400741e-01
2.760196905766525849e-02
3.270042194092827315e-02
4.922644163150492573e-03
8.489803094233473457e-01
8.480309423347398123e+00
8.113572433192686173e-01
4.466524261603373702e+01
3.799236990154710725e+01
5.698347398030926492e+00
8.345850914205385607e+00
2.017914908579463429e+00
8.638185654008438519e+00
1.172907876230661017e+01
7.507032348804500155e-02
1.314345991561181481e+00
8.614627285513360919e-03
3.203234880450070321e+00
5.174050632911392000e+00
1.864732770745429136e+01
1.643670886075949511e+01
1.105309423347398123e+00
5.628421237693376211e-01
1.080472925457115485e-01
1.028194620253164437e+00
2.241209563994374321e+00
7.004163150492239698e-01
5.907172995780590741e-02
4.430379746835443056e-02
7.238045007032348765e-01
2.311708860759493778e+00
8.263009845288325772e-02
6.153305203938115586e-02
3.628691983122362963e-01
4.201828410689170124e-01
9.546413502109704630e-02
4.395218002812939506e-02
1.202883263009845383e+00
3.404444444444456042e-01
1.649541580520393909e+05
2.233355731364279251e+01
9.743165084388154540e+00
5.816859353023902557e+00
1.313248716596343613e+01
5.780604781997186192e-01
3.286255274261619674e-01
1.699092827004219375e-01
9.151336146272925909e-02
6.057072609001400210e+00
1.500277795358656796e+01
1.761164936708858590e+02
1.038173720112519476e+02
3.332035161744033136e+00
4.866748241912774553e+00
5.698107770745431289e+00
6.574987693389607202e+00
7.429414381153310210e+00
8.311636779184260249e+00
9.175655590717298082e+00
1.006066068917014533e+01
1.092995587201122376e+01
1.181675597749649675e+01
4.003416315049303620e+00
1.023356188466954392e-01
5.323321026722890537e+00
1.467880977496515582e+00
6.832058895921259811e+00
2.770497890295343879e+00
8.428876758087186616e+00
3.951173171589316802e+00
1.007388431786217708e+01
3.332035161744033136e+00
3.657073488045043508e+00
3.857790084388226681e+00
4.057753340365710670e+00
4.212182489451493872e+00
4.226057841068911358e+00
4.245411744022515421e+00
4.244940400843868922e+00
4.201863748241912333e+00
4.125129922644147129e+00
3.551669655414896098e+00
4.077555028129388859e+00
4.490824718706051044e+00
4.924422995780571632e+00
5.305593530239095301e+00
5.438106012658232125e+00
5.621803621659640982e+00
5.762527953586499052e+00
5.840492088607603272e+00
5.874995604782002445e+00
1.235625755977499551e+01
7.083420182841059898e+00
9.217546413502109459e+00
2.134116209563993838e+00
3.952669655414903005e+00
3.300667545710251449e+00
3.171385024613213091e+02
8.596551898734171004e+01
1.618955520393807745e+00
3.260151547116727944e+00
7.951664205344587621e+00
4.042574367088640486e+00
4.621038150492287500e+00
2.385355012130804880e+03
3.477051104061181832e+04
1.516579992967653334e+00
4.560856012658228487e+00
2.458526722925457264e+01
8.548273558368501002e-01
1.353013250703253050e+02
3.108555379746835268e+00
1.660426863572438627e+00
4.851925123066106238e+01
3.949996483825590765e-01
5.424697609001403187e-01
8.945757735583689252e-01
1.618955520393807745e+00
3.380179324894508675e+00
4.285260021097056615e+00
4.687927742616050608e+00
4.769884845288348885e+00
4.766496659634352540e+00
8.596551898734171004e+01
1.849957396272849337e+02
2.406895931786213794e+02
2.662675425457104552e+02
2.727467964135022953e+02
2.740288134669484634e+02
2.995319971870605835e-01
6.155096694796056145e-01
7.734662447257385498e-01
8.419365330520428570e-01
8.539708157524641408e-01
8.511007383966274764e-01
3.926782172995782361e+00
2.165548347398026596e+00
1.259631329113919396e+00
8.384034810126568260e-01
7.442823488045010594e-01
7.288475738396612558e-01
7.404553445850935445e-01
8.054087552742623668e-01
8.166469760900136876e-01
8.136329113924027912e-01
1.157408210794658743e+02
1.808155537974687022e+01
6.198811533052036582e-01
3.783234177215194283e+00
2.438797819971876280e+00
1.072897327707456883e-01
4.826548874824197810e+00
3.616310671589324244e+01
1.239735583684952180e+00
1.372606329113919443e+01
4.154273558368507757e+00
3.539547819971870467e+03
5.205614451476812121e+00
1.672651042545711277e+02
1.155664068213780382e+02
3.084229957805915689e-01
2.355657366385371709e+00
1.814021007383965127e+02
5.357196378340385756e+00
6.588735407876249894e+00
1.764479662447253361e+02
5.266008263009864798e+00
2.593486026722919178e+02
3.628042076300980057e+02
1.071437869198311255e+01
3.511841983122366884e+01
9.873176160337527207e+00
1.429990488748235400e+01
1.928672696905760375e+01
2.400341631504922191e+01
2.885192510548520062e+01
3.066778940400848569e+03
3.968671413502098844e+00
5.737533052039420767e+00
6.165717299578059141e+01
2.105942334739821842e+00
5.324119901547092581e+00
5.226626054852292924e+00
2.307415611814345457e-01
5.161206926863586730e+00
4.236406135724334376e+01
1.455248066104078530e+00
2.848499806610413287e+01
6.632148909985950525e+00
5.212278305203917661e+00
6.585798699015484203e+00
8.036062060478167624e+00
9.530017580871991356e+00
1.105295780590720867e+01
9.434034810126578074e-01
7.233634563994348810e+01
3.073019356540092417e+01
9.968270042194018465e-01
2.572179692686359544e+02
2.299230661040789769e+00
8.372867791842470098e+00
2.899876933895911280e-01
2.816641350210968842e+00
1.000000000000000000e+00
4.577390998593546673e-02
1.992141350210967721e+00
1.674572960618846906e+01
5.799715189873422272e-01
4.873692686357239623e+00
3.486475914205333204e+00
2.514609177215194613e+00
1.894690576652600586e-02
2.212404360056266839e+00
8.774824191279910479e-02
2.036811181434599050e+00
5.471899595639938951e+01
1.642457805907172053e-01
3.640450421940920389e+00
7.833215717299563785e+00
2.672422644163162109e-01
6.611092452531650565e+01
3.668125000000004299e+00
1.802918864275672206e+01
6.192888537271462601e-01
3.780526547116716429e+00
3.998458157524601209e+00
1.683609353023910182e-01
5.852874472573835085e+00
3.605838449367094256e+01
1.238568565400847810e+00
1.365223822081576444e+01
4.744387658227852356e+00
4.108808895921240101e+00
4.417778656821375272e+00
6.073392405063293253e+00
7.140046061884672390e+00
8.535708157524622308e+00
2.872949164908588500e+03
3.832996308016888953e+00
1.339599099859347291e+02
1.614039135021094182e+02
4.429521800281292498e-01
2.968758790435995984e-02
3.426213449367104147e+00
8.193926160337547060e+00
2.891002426160335403e+02
1.456408964486639945e+02
4.258118495077348520e+00
6.296679676511944379e+00
1.414563959212374016e+02
4.175984528832619169e+00
2.093761293952187259e+02
2.908606594585091898e+02
8.495902074542895477e+00
2.954615910689164338e+01
1.061153656821383962e+00
9.380305555555567665e+00
1.353960284810120207e+01
1.828799806610406264e+01
2.274544092826995012e+01
2.734691297468355486e+01
2.872368104606190172e+03
3.831533755274260766e+00
1.339190124824189638e+02
1.618267702180033041e+02
4.441227144866388699e-01
2.989785513361450583e-02
3.434744198312230878e+00
8.193029711673689874e+00
2.889969854078757407e+02
1.456004456751063572e+02
4.256632911392393304e+00
6.296237341772140006e+00
1.414103734177217007e+02
4.174225386779165881e+00
2.093269866385375906e+02
2.907755131856535513e+02
8.492644690576675259e+00
2.951348611111105669e+01
1.067038502109718179e+00
9.379226090014066486e+00
1.353758473980303734e+01
1.828550808720112997e+01
2.274211251758085695e+01
2.734298048523206504e+01
4.191456581223637841e+03
5.470113045007033215e+00
1.931894576300983033e+02
1.058811717651197739e+02
8.864866033755264496e+00
4.300875239099854639e+02
2.112746258790436400e+02
6.138488396624442345e+00
6.751197081575241121e+00
2.052974432137835947e+02
6.025364978902945978e+00
3.037508989099860628e+02
4.251564453234867642e+02
1.236980397327709191e+01
3.846539099859354849e+01
-1.944066104078763901e+00
1.011255766526021382e+01
1.460379571026721557e+01
1.974414961322079520e+01
2.453044110407875422e+01
2.953007964135013808e+01
2.914510659106889307e+03
3.902425457102653539e+00
1.360414018987339659e+02
1.515794458509144818e+02
8.242090893108301231e+00
2.940892058720115187e+02
1.477678080168775239e+02
4.332307665260200835e+00
6.319768108298170262e+00
1.436548728902951382e+02
4.255769514767928641e+00
2.121410525668072751e+02
2.953558554852321549e+02
8.657474156118162512e+00
3.075998347398015298e+01
8.122819971870632871e-01
9.440537447257410619e+00
1.363356469760901390e+01
1.841268899437408635e+01
2.290307489451476641e+01
6.842362289029546218e+01
2.051235935302385960e-01
3.579814521800283256e+00
8.253313994374089191e+00
2.689117440225017308e-01
6.959555868495081654e+01
4.226627988748248299e+00
4.940820552039378555e+01
4.122485935302398730e+01
1.442336849507736440e+00
4.816012306610414129e+00
4.246340014064693413e+00
1.933931082981719118e-01
5.905545007032356075e+00
4.301906100562588620e+01
1.491969409282699166e+00
1.906408684950775978e+01
5.719091947960630584e+00
3.415838080168774660e+00
4.707544127988735561e+00
5.716268284106890363e+00
6.979889592123751818e+00
8.211972925457121875e+00
9.515167018284076406e+00
6.216016649085786838e+01
1.835854430379745827e-01
3.353760548523205820e+00
8.779038326300955930e+00
2.872118495077339295e-01
7.424296047819990463e+01
4.104088431786222735e+00
4.672938431786208469e+01
3.675372626582272773e+01
1.278774437412095955e+00
4.667866561181430285e+00
4.326494549929670974e+00
1.947482419127984365e-01
6.110509317862155676e+00
4.380858350914198240e+01
1.517301160337551691e+00
1.768971923347398700e+01
5.794401195499279567e+00
3.202815928270033030e+00
4.612289732770753048e+00
5.544135196905775942e+00
6.843596870604761406e+00
8.038377812939531353e+00
9.338262482419169785e+00
6.625310812236284619e+01
1.920829817158927477e-01
3.485040084388190795e+00
8.335609528832602422e+00
7.037162208157523935e+01
4.136183895921244691e+00
4.781395218002808889e+01
3.934248505625882331e+01
1.359019690576652728e+00
4.762020042194076375e+00
3.836179324894511300e+00
1.710574894514767241e-01
5.529095464135028948e+00
4.190370112517587842e+01
1.441874648382552415e+00
1.857617317158927506e+01
5.432818037974683101e+00
3.346642932489455546e+00
4.615068213783402484e+00
5.543958157524601305e+00
6.750851793248958010e+00
7.904937412095625504e+00
9.136232419127995996e+00
3.579026195499312113e+00
3.928507911392404406e+00
3.971412447257391509e+00
3.900928973277070000e+00
3.764392580872001126e+00
3.599369725738395864e+00
3.400231891701814391e+00
3.160955168776369284e+00
3.454687939521778883e+00
3.826994198312241302e+00
3.955236814345989949e+00
3.919790611814359949e+00
3.810601265822780359e+00
3.678829641350191082e+00
3.510982946554146000e+00
3.300659985935295637e+00
4.045399613220833857e+00
4.631623593530229677e+00
4.892565225035160559e+00
4.982492616033782795e+00
4.906725035161754178e+00
4.767553797468339738e+00
4.599779535864977120e+00
4.403388361462729605e+00
1.150708772855132800e+01
2.223993899437417809e+01
3.158692580872018141e+01
3.885786286919812937e+01
3.686379131504909878e+01
3.540474841772164893e+01
3.394955573136425642e+01
3.211477250351630630e+01
5.329184774964837779e+00
9.161501758087208458e+00
1.182554465541492483e+01
1.325230291842481378e+01
1.294995727848102796e+01
1.236750685654006965e+01
1.173949595639945542e+01
1.090385618846697646e+01
7.757113220815766708e-01
1.263032172995781410e+00
1.523123945147675018e+00
1.618789029535866453e+00
1.570692510548520993e+00
1.499988572433190948e+00
1.407239803094228581e+00
1.290011075949365482e+00
3.445042194092823307e-02
5.118635724331919989e-02
-5.973769338959218633e-02
-3.717598452883268123e-02
-1.625421940928269485e-02
-2.887798874824187845e-02
-3.549525316455704599e-02
-7.242264416315051002e-03
-2.130502812939518570e-02
2.644708157524616049e-02
-6.591350210970475798e-02
-4.328955696202527181e-02
-1.504043600562588422e-03
-1.367791842475382311e-02
-2.004658931082986192e-02
-2.820147679324889588e-03
-9.151687763713095558e-02
3.109194796061898539e-02
-5.529781997187062370e-02
-4.591279887482426630e-02
-4.788502109704637771e-03
-6.286919831223636117e-03
-1.475879043600560915e-02
-1.875351617440214769e-03
7.764266877637124864e-01
8.003848452883263187e-01
9.626638537271458018e-01
9.633364978902966280e-01
9.405174050632971738e-01
9.599767932489448041e-01
9.754310829817167683e-01
9.401090014064688027e-01
1.074484528832625463e+00
9.437867440224999571e-01
1.007161919831224495e+00
9.478257735583694998e-01
8.854460267229250503e-01
8.959062939521806879e-01
8.883250703234908396e-01
8.470418424753869413e-01
1.260528832630093854e+00
1.042966947960614066e+00
1.050719760900142408e+00
9.782456047819967360e-01
9.090277777777824308e-01
9.008936357243305659e-01
8.837285513361480271e-01
8.368062587904360194e-01
6.854606188466948247e+00
3.822272855133621139e+00
2.479692510548461737e+00
1.940568213783392615e+00
1.157277426160338907e+00
7.623825597749651628e-01
5.273122362869188118e-01
3.566703586497887435e-01
2.467617791842469932e-01
1.732206399437407618e-01
2.277005977496483480e-01
8.610109001406496265e-02
5.247433192686354331e-02
4.278270042194094042e-02
2.685601265822810946e-02
1.814926160337589425e-02
1.346097046413527454e-02
9.931082981716079019e-03
7.443917018284224377e-03
5.542194092827068368e-03
4.904699367088586892e-01
4.360260372714503951e+00
3.896602672292540426e+00
3.637197257383976368e+00
3.390046589310820924e+00
3.169113924050643405e+00
2.978163853727144428e+00
2.783797116736991928e+00
2.617469057665250620e+00
4.491078059071726969e+00
3.872112165963425667e+00
3.534928973277064124e+00
3.282912095639939576e+00
3.053322433192699581e+00
2.867671765119567784e+00
2.691859528832651005e+00
2.536575070323507042e+00
4.057287974683531750e+00
3.843768635724332583e+00
3.657258438818560276e+00
3.460968706047805377e+00
3.280424578059062402e+00
3.121976793248929294e+00
2.970081047819951525e+00
2.832050984528823090e+00
2.022312412095640166e+00
1.885476969057667374e+00
1.734428973277074348e+00
1.579968530239095559e+00
1.442681434599158097e+00
1.321168424753868642e+00
1.198587376933891280e+00
1.087898030942327399e+00
2.038350738396628614e+00
1.899388185654011130e+00
1.751299226441629164e+00
1.593392053445847445e+00
1.448591947960612192e+00
1.317767229254566796e+00
1.191599156118141600e+00
1.074676160337550535e+00
1.895392053445854819e+00
1.710944796061889317e+00
1.517004219409287424e+00
1.324982243319267505e+00
1.158008087201124470e+00
1.014515998593532586e+00
8.825314697609004666e-01
7.689085794655398098e-01
1.881006399437359278e+01
3.023985829817162241e+01
8.566226336146392839e+01
9.441050386779200210e+01
3.515736093530241391e+01
1.261592914908573348e+01
2.566623769338956436e+02
1.040763800984526632e+01
2.264952603727146538e+02
1.143778461673701088e+02
3.702161128691928837e+01
1.363909985935303493e-01
5.236994549929668352e+01
7.481335566104081636e+01
2.746512886779162699e+01
1.128654201828410386e+01
2.581806555907172651e+02
1.465090135372714144e+02
1.182872914908582089e+02
1.845360091420559101e+01
3.160702355836845889e+00
2.581806555907172651e+02
1.601625796413498790e+02
1.243866125175804456e+02
1.861397679324891863e+00
2.586946082981714881e+02
1.133452443741207958e+02
4.317461954992991480e+01
1.108952074542884958e+01
1.111959806610415029e+02
7.091294303797349485e+00
2.652719792545707946e+02
1.530712515822779096e+02
1.238726562939518487e+02
2.375349683544299761e+00
9.225482946554175001e+00
1.059330260196903737e+02
3.804661114627282927e+02
4.896663730661057201e+01
1.271018811533045634e+00
2.591369824191282305e+02
3.718865260196917433e+01
7.403068143459942974e+01
1.649845428973233297e+01
1.513132732067509494e+02
9.097499648382559201e+01
9.430327004219302367e+00
5.342856012658184106e+00
7.250454887482516142e+01
1.291137201125168588e+02
7.732475668073122677e+01
9.581736058368502995e+01
2.134152127285542733e+01
1.004364725738396515e+02
1.455015740154709931e+02
1.400393037974686905e+01
4.883326300984562884e-01
3.241779957805906065e+01
6.151334388185654145e-01
1.835627637130801659e+01
6.275339310829798345e-01
1.437245077355836820e+01
5.006202531645542742e-01
3.272872714486638301e+01
1.128171940928262451e+00
2.966479447960621485e+01
9.300080872011267097e-01
7.381222573839681722e+00
2.537447257383985133e-01
2.730194672995783733e+01
8.644143811533058219e-01
6.295480836849518980e+00
2.179548171589317518e-01
1.963486286919831902e-01
3.064418073136427889e-01
3.222362869198303753e-02
3.265504922644153485e+00
1.382621308016878658e-01
5.240612165963423053e+00
4.613662130801691319e+01
1.482665787623063558e+00
1.169995903656823089e+01
4.699265119549920211e-01
1.894982067510548163e+01
1.367274611462728444e+02
4.331407700421955553e+00
4.097430555555554577e+00
1.723774613220814267e-01
6.918663677918438282e+00
5.695491156821360335e+01
1.836790611814344887e+00
1.961242967651218416e+00
7.881504922644123889e-02
3.514506153305158254e+00
1.056245094936709350e+01
3.481802039381155511e-01
3.138394338959219709e+00
1.319363572433193688e-01
5.096829289732752066e+00
4.410941350210968181e+01
1.414338431786214656e+00
6.942048874824198634e+00
2.930546765119551034e-01
6.570529360056250212e+00
4.859181522503530459e+01
1.562356540084384182e+00
4.528327883263005837e+00
1.974822433192682247e-01
5.428309599156110110e+00
4.677703656821371681e+01
1.504395042194093479e+00
3.977056610407865289e+00
1.724644866385370845e-01
5.914245253164555294e+00
4.852657014767932253e+01
1.562471167369900549e+00
4.224752461322070829e+00
1.825235583684945984e-01
5.266796061884665647e+00
4.619305098452877445e+01
1.484868846694798128e+00
1.888877056962021683e+01
1.513452021800281067e+01
1.099886409985934144e+01
5.141316807313638826e+00
1.720039117440229504e+01
1.249973857243318598e+01
2.083654729254572402e+01
2.484907647679329301e+01
1.931794497187054560e+01
1.583836146272853185e+01
1.888877056962021683e+01
1.513452021800281067e+01
1.888877056962021683e+01
1.513452021800281067e+01
1.888877056962021683e+01
1.513452021800281067e+01
1.888877056962021683e+01
1.513452021800281067e+01
4.332690576652610481e+00
4.068271448663933754e+00
5.971601617440230214e+00
6.480980133614670180e+00
7.925079992967659415e+00
8.766160161744023682e+00
1.004718582981710995e+01
1.103369655414908834e+01
1.225846835443037008e+01
1.330839820675107177e+01
1.451785654008436488e+01
1.559503287623064693e+01
1.680466139240506251e+01
1.789283052039385424e+01
6.538578762306626935e+00
7.593113924050620689e+00
1.065368319268638331e+01
1.249321395921240452e+01
1.514785319971873001e+01
1.728236128691975892e+01
1.981684581575255422e+01
2.206492791842472556e+01
2.456699648382559786e+01
2.685692668776363590e+01
2.935680854430388820e+01
3.165917211673697551e+01
3.416751740506320090e+01
3.646966719409281410e+01
4.758366912798888571e+00
4.642554324894481610e+00
6.851936884669465044e+00
7.501195323488020428e+00
9.258043952180058156e+00
1.024427320675105690e+01
1.182833263009843883e+01
1.297466596343175205e+01
1.448670604782002691e+01
1.571162763713078014e+01
1.719411831926863954e+01
1.845795903656826908e+01
1.993015963431778204e+01
2.121269356540083351e+01
2.408763185654020145e+00
1.485171940928260437e+00
3.271551687763706529e+00
2.558693741209554062e+00
4.338606364275693572e+00
3.580478551336124138e+00
5.483949894514779544e+00
4.588066983122351061e+00
6.665315225035157276e+00
5.592658931082956641e+00
7.865909810126594515e+00
6.598303797468282106e+00
9.077748066104092572e+00
7.606012306610458573e+00
4.244762834036563959e+00
3.931266701828422416e+00
5.802735056258802260e+00
6.261506329113920799e+00
7.675234353023902223e+00
8.469057841068886816e+00
9.715767405063298057e+00
1.065918706047821907e+01
1.184521905766526295e+01
1.285573452883260970e+01
1.402280748945151423e+01
1.506346518987343153e+01
1.622792580872014767e+01
1.728183597046412601e+01
5.712488748241877801e+00
7.291026371308037213e+00
8.976694092827028015e+00
1.072533315752459515e+01
1.251445639943743515e+01
1.433154711673696191e+01
1.616892827004223321e+01
1.802161673699014344e+01
1.988616332630106953e+01
2.176007296061881036e+01
2.364155995077362959e+01
2.552918688466942143e+01
2.742189978902949932e+01
2.931883509142037880e+01
4.801569620253158810e+00
6.005223452883269530e+00
7.319146800281298049e+00
8.666660337552739790e+00
1.004611111111107746e+01
1.144729729254571460e+01
1.286570991561180932e+01
3.265504922644153485e+00
2.834734528832628442e+00
2.494569971870605585e+00
2.190129395218002095e+00
1.896878691983131304e+00
1.625005801687771978e+00
1.371467475386779045e+00
1.130965014064698959e+00
9.005657524613194242e-01
6.880233825597749098e-01
4.890094936708848650e-01
3.083498593530235588e-01
1.424692334739801336e-01
-2.443125879043602997e-02
-1.759372362869200124e-01
1.169995903656823089e+01
9.369089135021127390e+00
7.814664381153315631e+00
6.613569268635749232e+00
5.544457278481011109e+00
4.628685478199714431e+00
3.817344233473979109e+00
3.081411744022502397e+00
2.381300457102669466e+00
1.771262658227841458e+00
1.226707278481011576e+00
7.321188466948006512e-01
3.017811181434615353e-01
-1.455685654008436747e-01
-5.456111111111117129e-01
4.097430555555554577e+00
3.539037447257369795e+00
3.070312412095630439e+00
2.682634142053451853e+00
2.326010900140653703e+00
3.265504922644153485e+00
2.834734528832628442e+00
2.494569971870605585e+00
2.190129395218002095e+00
1.896878691983131304e+00
1.625005801687771978e+00
1.371467475386779045e+00
1.130965014064698959e+00
9.005657524613194242e-01
6.880233825597749098e-01
4.890094936708848650e-01
3.083498593530235588e-01
1.424692334739801336e-01
-2.443125879043602997e-02
-1.759372362869200124e-01
1.169995903656823089e+01
9.369089135021127390e+00
7.814664381153315631e+00
6.613569268635749232e+00
5.544457278481011109e+00
4.628685478199714431e+00
3.817344233473979109e+00
3.081411744022502397e+00
2.381300457102669466e+00
1.771262658227841458e+00
1.226707278481011576e+00
7.321188466948006512e-01
3.017811181434615353e-01
-1.455685654008436747e-01
-5.456111111111117129e-01
4.097430555555554577e+00
3.539037447257369795e+00
3.070312412095630439e+00
2.682634142053451853e+00
2.326010900140653703e+00
2.001953234880444299e+00
1.698401371308020602e+00
1.408115857946552474e+00
1.119507383966250158e+00
8.585283052039393015e-01
6.083370253164542829e-01
3.853407172995779173e-01
1.781838959212379836e-01
-3.366684247538655889e-02
-2.184780239099858579e-01
1.961242967651218416e+00
1.208401547116718877e+00
7.369729254571124599e-01
4.648475738396656287e-01
2.785109001406451124e-01
1.670849156118138779e-01
9.828076652601962226e-02
5.831399437412115860e-02
2.501265822784806345e-02
8.289029535864966824e-03
-4.585267229254572433e-03
-1.740928270042194081e-02
-2.327918424753869925e-02
-3.892879746835447435e-02
-4.578709563994380616e-02
3.138394338959219709e+00
2.720145569620252779e+00
2.390393108298179303e+00
2.095535864978907536e+00
1.809509317862164179e+00
1.550652777777777880e+00
1.309128164556963680e+00
1.079441983122364057e+00
8.607885021097059219e-01
6.596580520393842129e-01
4.700219760900136712e-01
2.979173699015459920e-01
1.394004922644162814e-01
-2.098294655414922188e-02
-1.649069971870606166e-01
6.942048874824198634e+00
6.201508614627296190e+00
5.678754043600585000e+00
5.235209036568205576e+00
4.824173171589309028e+00
4.463811884669464547e+00
4.128833157524621100e+00
3.833632735583685225e+00
3.544481012658247110e+00
3.278296237693399284e+00
3.042942510548542590e+00
2.826751054852333578e+00
2.625850914205361430e+00
2.443950597749653397e+00
2.270180379746845833e+00
4.528327883263005837e+00
4.113444268635731760e+00
3.765234528832630545e+00
3.457724683544301403e+00
3.163779887482422115e+00
2.894187236286908771e+00
2.637532700421945542e+00
2.394043776371308052e+00
2.150662623066103230e+00
1.918847573839668419e+00
1.698957630098461458e+00
1.497609353023908740e+00
1.306027250351620816e+00
1.119082102672294798e+00
9.449692334739815403e-01
3.977056610407865289e+00
3.437115506329129655e+00
3.048380274261607514e+00
2.711038853727157694e+00
2.390923347398031584e+00
2.093917018284110920e+00
1.813075597749643109e+00
1.553457981715893998e+00
1.307686884669478466e+00
1.085725210970466037e+00
8.789330168776400276e-01
6.944790787623106310e-01
5.221329113924062515e-01
3.561207805907175561e-01
2.018489803094234702e-01
4.224752461322070829e+00
3.793365682137831651e+00
3.450733825597751991e+00
3.140244022503516419e+00
2.841325246132208715e+00
2.567032172995786787e+00
2.306166842475402046e+00
2.061833509142060095e+00
1.824128164556966469e+00
1.600125175808723377e+00
1.389235232067514314e+00
1.195595991561183791e+00
1.011629395217999994e+00
8.333074894514796993e-01
6.668037974683553859e-01
1.623066104078762395e+00
3.577707454289732691e+00
7.354078762306610617e-01
2.160689170182840957e-01
2.149964838255977284e+00
5.560829817158930988e-01
1.735232067510548426e-01
9.305731364275668938e+00
4.127988748241913086e+00
3.039029535864978815e+00
1.299050632911392444e+00
4.008438818565401157e-02
5.105485232067510371e-01
2.450773558368495031e-01
3.516174402250351683e-04
7.559774964838256173e-03
2.971167369901547145e-02
0.000000000000000000e+00
0.000000000000000000e+00
0.000000000000000000e+00
0.000000000000000000e+00
0.000000000000000000e+00
0.000000000000000000e+00
0.000000000000000000e+00
5.274261603375526982e-04
2.125527426160337685e-01
3.094233473980309568e-02
1.504922644163150525e-01
2.865682137834036497e-02
2.373417721518987500e-02
1.406469760900140586e-02
2.357594936708860833e-01
8.561884669479606635e-02
1.366033755274261574e-01
3.533755274261603241e-02
3.375527426160337269e-02
1.388888888888888812e-02
0.000000000000000000e+00
0.000000000000000000e+00
0.000000000000000000e+00
0.000000000000000000e+00
0.000000000000000000e+00
0.000000000000000000e+00
1.230661040787623143e-03
5.274261603375526982e-04
0.000000000000000000e+00
0.000000000000000000e+00
5.625879043600562693e-03
1.758087201125175733e-03
8.860759493670886111e-02
8.016877637130802314e-02
7.647679324894514352e-02
6.329113924050632813e-03
3.973277074542897608e-02
2.918424753867791821e-02
7.559774964838256173e-03
1.090014064697608989e-02
2.109704641350210793e-03
7.735583684950773919e-03
1.362517580872011358e-01
7.612517580872010803e-02
1.079465541490857994e-01
1.012658227848101250e-01
2.359353023909985803e-01
9.985935302390998303e-02
1.300984528832630112e-02
4.043600562587904707e-03
1.476793248945147685e-02
2.109704641350210880e-02
3.779887482419128086e-02
2.338255977496483951e-02
1.353727144866385436e-02
3.516174402250351683e-04
2.109704641350210793e-03
0.000000000000000000e+00
3.516174402250351683e-04
0.000000000000000000e+00
1.054852320675105396e-03
2.144866385372714429e-02
4.535864978902953704e-02
1.283403656821378337e-02
9.662447257383965926e-01
1.896976090014064753e-01
1.300984528832630216e-01
3.635724331926863395e-01
6.874120956399437654e-02
3.308720112517580803e-01
4.133263009845288272e-01
0.000000000000000000e+00
0.000000000000000000e+00
8.790436005625878665e-04
3.375527426160337269e-02
5.274261603375527199e-03
0.000000000000000000e+00
7.718002812939521451e-02
5.274261603375527199e-03
5.274261603375527199e-03
2.689873417721519097e-02
0.000000000000000000e+00
3.516174402250351683e-04
2.408579465541490702e-02
1.459212376933895911e-02
0.000000000000000000e+00
1.265822784810126563e-02
1.002109704641350289e-02
6.874120956399437654e-02
1.758087201125175842e-04
3.041490857946554244e-02
1.406469760900140673e-03
1.670182841068916860e-02
5.274261603375526982e-04
2.180028129395217978e-02
2.285513361462728540e-03
7.032348804500703366e-04
1.230661040787623143e-03
7.032348804500703366e-04
1.758087201125175842e-04
5.977496483825597319e-03
1.054852320675105440e-02
1.230661040787623143e-03
7.489451476793249074e-02
3.918776371308017037e-01
2.478902953586497801e-02
8.966244725738396412e-03
9.493670886075949653e-03
2.812939521800281346e-03
8.790436005625878665e-03
0.000000000000000000e+00
8.263009845288327160e-03
3.516174402250351466e-03
0.000000000000000000e+00
2.250351617440225077e-02
6.733473980309423457e-02
3.920534458509142284e-02
1.758087201125175733e-03
7.401547116736989507e-02
5.414908579465541744e-02
8.315752461322081790e-02
2.056962025316455556e-02
2.725035161744022646e-02
6.856540084388186053e-03
1.213080168776371238e-02
2.883263009845288272e-02
1.054852320675105396e-03
2.584388185654008449e-02
1.819620253164556944e-01
7.032348804500702932e-03
8.614627285513361266e-02
1.758087201125175733e-02
3.516174402250351466e-03
3.867791842475386960e-03
2.619549929676511901e+00
7.309423347398031012e+00
1.354430379746835333e+00
2.334915611814345926e+00
5.492264416315049136e-01
2.160689170182840957e-01
5.805203938115330864e-01
1.905766526019690543e+00
3.744725738396624537e-02
1.207981715893108321e+00
1.369549929676512068e-01
5.274261603375527199e-03
1.861814345991561204e-01
3.481012658227847917e-02
7.999296765119549846e-02
8.438818565400843172e-03
3.604078762306610340e-02
3.943389592123769383e-01
2.450773558368495031e-01
4.992967651195499151e-02
1.162095639943741265e-01
1.230661040787623013e-02
7.383966244725738426e-03
3.006329113924050694e-02
1.758087201125175842e-04
4.579641350210970074e+00
1.674402250351617383e+00
1.539908579465541383e+00
2.978199718706047716e-01
3.146976090014064753e-01
1.670182841068917068e-01
3.815049226441631636e-02
3.305203938115330864e-02
5.379746835443038194e-02
1.158579465541490910e-01
2.695147679324894630e-01
3.094233473980309568e-02
1.054852320675105440e-02
7.032348804500702932e-03
1.014416315049226497e-01
1.024964838255977562e-01
1.199894514767932518e+00
1.840717299578059074e-01
4.869901547116736729e-02
1.016174402250351605e-01
4.008438818565401157e-02
4.865682137834036247e+00
1.180766526019690588e+01
3.850210970464135185e-01
4.187763713080168704e-01
2.659458509142053284e+00
1.052215189873417778e+00
2.881856540084388296e+00
4.340717299578059074e-01
4.606188466947960802e-02
2.637130801687763600e-03
7.341772151898734444e-01
4.532348804500703210e-01
1.810654008438818519e+00
4.013713080168776481e-01
7.194092827004219259e-01
5.731364275668072994e-02
1.195499296765119568e-01
1.054852320675105396e-03
5.274261603375526982e-04
0.000000000000000000e+00
1.362517580872011358e-01
1.346694796061884691e-01
2.607243319268635617e-01
9.106891701828410957e-02
8.509142053445850618e-02
9.247538677918425154e-02
7.899085794655414938e-01
2.969409282700422037e-01
1.673699015471167284e-01
7.063994374120956543e-01
2.338255977496483951e-02
6.329113924050632813e-03
1.740506329113923958e-02
2.742616033755274421e-02
1.845991561181434606e-02
3.498593530239099691e-02
2.280239099859353025e-01
1.668424753867791821e-01
2.689873417721519097e-02
1.828410689170182832e-02
7.208157524613220679e-03
6.153305203938115066e-03
1.736990154711673673e-01
4.817158931082981405e-02
2.637130801687763600e-03
3.516174402250351683e-04
1.230661040787623143e-03
1.828410689170182832e-02
3.340365682137834153e-03
0.000000000000000000e+00
0.000000000000000000e+00
5.274261603375526982e-04
3.164556962025316666e-02
1.758087201125175842e-04
0.000000000000000000e+00
2.215189873417721528e-02
1.582278481012658203e-03
3.516174402250351683e-04
9.493670886075949653e-03
1.620956399437412099e-01
1.353727144866385436e-02
6.856540084388186053e-03
1.564697609001406420e-01
2.988748241912798660e-03
4.395218002812939333e-03
0.000000000000000000e+00
1.582278481012658203e-03
3.621659634317862114e-02
1.758087201125175842e-04
1.582278481012658203e-03
1.687763713080168634e-02
3.552141877637134293e+00
1.390574894514768067e-01
2.690914556962026083e+00
4.052162447257384725e-02
7.801877637130806287e-01
8.836073136427581076e+00
-1.231409634317861324e+00
2.346167369901547024e-03
1.605066807313642874e-01
-7.032732067510559792e-01
1.707793248945144393e+00
3.630654008438821134e-01
-8.263306962025326330e-01
1.531040963431786084e+00
1.963406118143457668e+00
7.496677215189871679e-02
1.182161568213784486e+00
5.440059774964837169e-01
2.971086322081572639e+00
3.496209563994374103e-01
6.810829817158932549e-03
4.363045007032348953e-03
2.109001406469761166e-03
3.723804500703235647e-03
1.135530942334739800e-02
-2.160319971870604261e-02
1.425281293952179902e-03
2.532742616033756278e-01
2.718328059071731251e-01
1.118059476090013860e+01
2.246207647679324637e+01
5.878834036568209243e+00
2.514412798874824939e-01
0.000000000000000000e+00
0.000000000000000000e+00
2.167721518987341550e-04
-2.602761954992965920e-01
0.000000000000000000e+00
0.000000000000000000e+00
2.526705344585091287e-02
6.852637130801686460e-02
1.379231715893108889e-01
8.436322081575253762e-02
-7.291315049226440234e-03
-6.641851265822781292e-01
-3.559774964838256089e-03
6.375828762306612774e+00
1.335859528832630039e+00
7.928340365682136348e-02
6.397362869198312818e-02
0.000000000000000000e+00
0.000000000000000000e+00
0.000000000000000000e+00
0.000000000000000000e+00
0.000000000000000000e+00
-5.428445850914205041e-03
-1.775668073136427464e-03
0.000000000000000000e+00
0.000000000000000000e+00
0.000000000000000000e+00
0.000000000000000000e+00
0.000000000000000000e+00
0.000000000000000000e+00
-1.518987341772152101e-03
0.000000000000000000e+00
-8.762306610407876242e-04
0.000000000000000000e+00
0.000000000000000000e+00
0.000000000000000000e+00
2.707454289732770837e-05
0.000000000000000000e+00
-6.666666666666666444e-04
0.000000000000000000e+00
0.000000000000000000e+00
0.000000000000000000e+00
0.000000000000000000e+00
0.000000000000000000e+00
-1.658755274261603484e-03
0.000000000000000000e+00
0.000000000000000000e+00
0.000000000000000000e+00
0.000000000000000000e+00
0.000000000000000000e+00
0.000000000000000000e+00
0.000000000000000000e+00
-3.467299578059072039e-03
1.934774964838255951e+00
3.639240506329113889e-02
4.278305203938115753e+00
7.383966244725738426e-03
4.723980309423347346e-01
5.080168776371308148e+00
1.899437412095639877e+00
8.790436005625878665e-04
6.680731364275667439e-02
1.913150492264416247e+00
3.747714486638537235e+00
4.743319268635724506e-01
5.254922644163150247e-01
2.768987341772151667e-01
7.157172995780590741e-01
1.037271448663853665e-02
6.497890295358649260e-01
1.353727144866385401e-01
7.004219409282700370e-01
3.867791842475386960e-02
1.933895921237693480e-03
2.109704641350210793e-03
3.516174402250351683e-04
2.812939521800281346e-03
1.599859353023910108e-02
2.795358649789029398e-02
1.933895921237693480e-03
1.469760900140646975e-01
8.755274261603375463e-02
1.155942334739803012e+00
1.867967651195499235e+00
1.072960618846694691e+00
4.658931082981716126e-02
0.000000000000000000e+00
0.000000000000000000e+00
1.582278481012658203e-03
5.485232067510548842e-02
0.000000000000000000e+00
0.000000000000000000e+00
6.504922644163150559e-03
1.353727144866385436e-02
9.757383966244725926e-02
6.118143459915612037e-02
5.625879043600562693e-03
1.577004219409282593e-01
3.516174402250351683e-04
4.752109704641350185e-01
2.238045007032348765e-01
2.426160337552742477e-02
3.234880450070323765e-02
0.000000000000000000e+00
0.000000000000000000e+00
0.000000000000000000e+00
0.000000000000000000e+00
0.000000000000000000e+00
4.395218002812939333e-03
3.516174402250351683e-04
0.000000000000000000e+00
0.000000000000000000e+00
0.000000000000000000e+00
0.000000000000000000e+00
0.000000000000000000e+00
0.000000000000000000e+00
1.406469760900140673e-03
0.000000000000000000e+00
1.758087201125175842e-04
0.000000000000000000e+00
0.000000000000000000e+00
0.000000000000000000e+00
5.274261603375526982e-04
0.000000000000000000e+00
1.758087201125175842e-04
0.000000000000000000e+00
0.000000000000000000e+00
0.000000000000000000e+00
0.000000000000000000e+00
0.000000000000000000e+00
3.516174402250351683e-04
0.000000000000000000e+00
0.000000000000000000e+00
0.000000000000000000e+00
0.000000000000000000e+00
0.000000000000000000e+00
0.000000000000000000e+00
0.000000000000000000e+00
1.933895921237693480e-03
2.257559774964838173e+00
1.230661040787623013e-02
1.153305203938115309e-01
4.416315049226441358e-01
3.456399437412095432e-01
2.644163150492264691e-01
3.676160337552742408e-01
2.533403656821378580e-01
2.665260196905766543e-01
2.714486638537271235e-01
1.160513361462728543e+00
5.661040787623065895e-02
1.527074542897327802e+00
1.450246132208157457e+00
1.322960618846694691e+00
1.302742616033755185e+00
1.302918424753867876e+00
9.711673699015470618e-01
1.041139240506329111e+00
9.808368495077355309e-01
2.834036568213783580e-01
2.988748241912798660e-03
3.815049226441631636e-02
6.223628691983122685e-02
5.555555555555555247e-02
4.342475386779184182e-02
7.612517580872010803e-02
5.836849507735583642e-02
6.504922644163151080e-02
5.573136427566807022e-02
5.450070323488044946e-03
3.486286919831223519e-01
7.524613220815752623e-02
7.489451476793249074e-02
1.100562587904360123e-01
9.933192686357243673e-02
6.663150492264416358e-02
5.731364275668072994e-02
6.874120956399437654e-02
5.608298171589310571e-02
0.000000000000000000e+00
3.516174402250351683e-04
2.149964838255977284e+00
2.622011251758087358e+00
2.434423347398031012e+00
2.269338959212376938e+00
2.184599156118143259e+00
1.989627285513361432e+00
1.823312236286919852e+00
1.604254571026722864e+00
6.048699015471167506e+00
2.459563994374120988e-01
2.211497890295358815e+00
1.742088607594936667e+00
1.876406469760900197e+00
2.229254571026722864e+00
1.864275668073136494e+00
1.640119549929676568e+00
1.642229254571026642e+00
1.363396624472573926e+00
3.006329113924050694e-02
1.107594936708860764e-02
1.969057665260196821e-01
1.526019690576652654e-01
1.703586497890295370e-01
1.520745428973277191e-01
1.803797468354430278e-01
1.172644163150492330e-01
1.341420534458509228e-01
1.362517580872011358e-01
1.339662447257383981e-01
7.517580872011251358e-01
2.696905766526019876e-01
1.540084388185654074e-01
2.885021097046413519e-01
2.503516174402250494e-01
1.940928270042193982e-01
2.167721518987341667e-01
2.067510548523206759e-01
1.696554149085794660e-01
0.000000000000000000e+00
8.790436005625878665e-04
5.797116736990155061e+00
6.925105485232067259e+00
7.726441631504922469e+00
6.911568213783403358e+00
6.247714486638537679e+00
5.884493670886075556e+00
5.198312236286919408e+00
4.483473980309423013e+00
4.131504922644163025e-01
0.000000000000000000e+00
1.142756680731364313e-02
3.516174402250351466e-03
1.125175808720112539e-02
2.812939521800281346e-03
1.072433192686357215e-02
4.043600562587904707e-03
1.195499296765119464e-02
5.977496483825597319e-03
5.274261603375526982e-04
5.977496483825597319e-03
1.564697609001406559e-02
4.395218002812939333e-03
1.248241912798874788e-02
1.019690576652601890e-02
8.790436005625878665e-03
6.504922644163150559e-03
6.856540084388186053e-03
3.691983122362869213e-03
5.274261603375526982e-04
1.054852320675105396e-03
2.492967651195499290e-01
2.334739803094233457e-01
2.568565400843881852e-01
2.188818565400843796e-01
2.306610407876230617e-01
2.183544303797468333e-01
1.979606188466948025e-01
1.819620253164556944e-01
4.834739803094233457e-01
6.856540084388186053e-03
1.635021097046413657e-02
3.463431786216596142e-02
2.320675105485232176e-02
1.125175808720112539e-02
1.459212376933895911e-02
2.056962025316455556e-02
1.336146272855133661e-02
1.353727144866385436e-02
2.496483825597749576e-02
1.374824191279887531e-01
2.965893108298171543e-01
3.303445850914205617e-01
3.284106891701828457e-01
3.041490857946554383e-01
2.830520393811533086e-01
2.742616033755274074e-01
2.761954992967651235e-01
2.649437412095639877e-01
1.189873417721518933e+01
8.596518987341772444e+00
1.052303094233474035e+01
8.801336146272854322e+00
7.405239099859352692e+00
7.300281293952179951e+00
7.098628691983122074e+00
6.108649789029535704e+00
5.241385372714487012e+00
4.591772151898734222e+00
3.911392405063291022e+01
9.617317158931082588e+01
8.297468354430380444e+00
1.010900140646976197e+00
1.425474683544303822e+01
4.717299578059071408e+00
4.613220815752461235e-01
5.031645569620253333e-01
1.270446554149085756e+02
1.878305203938115397e+01
2.111286919831223408e+00
1.363238396624472593e+01
6.059599156118143704e+00
5.200421940928270370e-01
1.438115330520393753e+00
1.489803094233473901e+00
5.362165963431786420e-02
1.216068917018284123e+00
5.286568213783403580e-01
5.098452883263009799e-02
2.637130801687763600e-03
9.528832630098453549e-02
1.701828410689170124e-01
7.841068917018284568e-02
1.336146272855133661e-02
4.219409282700421586e-03
3.742440225035161827e+00
8.190928270042193704e-01
1.341420534458509228e-01
2.830520393811532948e-02
5.007032348804500987e-01
1.652601969057665432e-02
7.647679324894514352e-02
2.232770745428973302e-02
3.164556962025316406e-03
3.226090014064697531e-01
9.866385372714486790e-01
8.059071729957806296e-01
8.906469760900140864e-01
2.331223628691983241e-01
1.582278481012658333e-02
1.954992967651195401e-01
1.552390998593530247e-01
2.056962025316455556e-02
1.177918424753867863e-02
4.395218002812939333e-03
1.406469760900140673e-03
1.054852320675105396e-03
1.302742616033755185e-01
7.067510548523206482e-02
7.454289732770745525e-02
5.977496483825597319e-03
0.000000000000000000e+00
8.790436005625878665e-04
0.000000000000000000e+00
0.000000000000000000e+00
1.758087201125175842e-04
0.000000000000000000e+00
7.032348804500703366e-04
8.790436005625878665e-04
1.315049226441631636e-01
3.955696202531645833e-02
0.000000000000000000e+00
0.000000000000000000e+00
0.000000000000000000e+00
0.000000000000000000e+00
4.395218002812939333e-03
7.032348804500703366e-04
3.867791842475386960e-03
4.922644163150492573e-03
2.285513361462728540e-03
5.274261603375526982e-04
0.000000000000000000e+00
0.000000000000000000e+00
0.000000000000000000e+00
0.000000000000000000e+00
0.000000000000000000e+00
1.054852320675105396e-03
0.000000000000000000e+00
3.516174402250351683e-04
0.000000000000000000e+00
0.000000000000000000e+00
0.000000000000000000e+00
0.000000000000000000e+00
0.000000000000000000e+00
1.758087201125175842e-04
0.000000000000000000e+00
0.000000000000000000e+00
0.000000000000000000e+00
0.000000000000000000e+00
3.516174402250351683e-04
0.000000000000000000e+00
0.000000000000000000e+00
0.000000000000000000e+00
0.000000000000000000e+00
0.000000000000000000e+00
0.000000000000000000e+00
0.000000000000000000e+00
1.933895921237693480e-03
0.000000000000000000e+00
0.000000000000000000e+00
0.000000000000000000e+00
0.000000000000000000e+00
0.000000000000000000e+00
0.000000000000000000e+00
0.000000000000000000e+00
0.000000000000000000e+00
0.000000000000000000e+00
0.000000000000000000e+00
0.000000000000000000e+00
0.000000000000000000e+00
0.000000000000000000e+00
0.000000000000000000e+00
1.758087201125175842e-04
9.801336146272855432e-01
8.045007032348804321e-01
9.048874824191279753e-01
2.313642756680731327e-01
3.586497890295358565e-02
1.870604781997187160e-01
1.534810126582278611e-01
1.969057665260197029e-02
1.160337552742616088e-02
4.571026722925457079e-03
1.406469760900140673e-03
2.285513361462728540e-03
3.563642756680731605e-01
5.105485232067510371e-01
8.016877637130802314e-02
2.109704641350210793e-03
2.109704641350210793e-03
6.680731364275668306e-03
1.406469760900140673e-03
0.000000000000000000e+00
1.758087201125175733e-03
1.758087201125175842e-04
1.758087201125175842e-04
5.216244725738397037e-01
1.160337552742616088e-02
7.735583684950773919e-03
1.107594936708860764e-02
5.274261603375526982e-04
0.000000000000000000e+00
0.000000000000000000e+00
0.000000000000000000e+00
0.000000000000000000e+00
0.000000000000000000e+00
9.669479606188467399e-03
3.516174402250351683e-04
1.582278481012658203e-03
2.637130801687763600e-03
5.274261603375526982e-04
0.000000000000000000e+00
0.000000000000000000e+00
0.000000000000000000e+00
1.758087201125175842e-04
6.680731364275668306e-03
1.758087201125175842e-04
7.032348804500703366e-04
0.000000000000000000e+00
0.000000000000000000e+00
0.000000000000000000e+00
0.000000000000000000e+00
0.000000000000000000e+00
8.069620253164556944e-02
1.758087201125175842e-04
5.274261603375526982e-04
0.000000000000000000e+00
0.000000000000000000e+00
0.000000000000000000e+00
0.000000000000000000e+00
8.790436005625878665e-03
3.516174402250351683e-04
0.000000000000000000e+00
0.000000000000000000e+00
0.000000000000000000e+00
0.000000000000000000e+00
1.758087201125175842e-04
0.000000000000000000e+00
0.000000000000000000e+00
0.000000000000000000e+00
0.000000000000000000e+00
1.758087201125175842e-04
0.000000000000000000e+00
0.000000000000000000e+00
0.000000000000000000e+00
0.000000000000000000e+00
0.000000000000000000e+00
0.000000000000000000e+00
1.758087201125175842e-04
0.000000000000000000e+00
1.054852320675105396e-03
9.709915611814345926e-01
7.855133614627285432e-01
8.957454289732770247e-01
2.338255977496483951e-01
3.340365682137833719e-02
1.842475386779184321e-01
1.434599156118143426e-01
1.793248945147679282e-02
1.125175808720112539e-02
4.571026722925457079e-03
1.406469760900140673e-03
2.109704641350210793e-03
3.271800281293952284e-01
4.286216596343178642e-01
9.774964838255977007e-02
3.867791842475386960e-03
5.203938115330520447e-02
3.375527426160337269e-02
4.571026722925457079e-03
5.801687763713080440e-03
0.000000000000000000e+00
1.758087201125175842e-04
0.000000000000000000e+00
2.739099859353024136e-01
5.502812939521800617e-02
1.107594936708860764e-02
3.287623066104079089e-02
1.986638537271448804e-02
4.746835443037974826e-03
2.461322081575246287e-03
5.274261603375526982e-04
3.516174402250351683e-04
1.230661040787623143e-03
6.329113924050632813e-03
5.274261603375526982e-04
4.922644163150492573e-03
6.856540084388186053e-03
5.274261603375526982e-04
3.516174402250351683e-04
0.000000000000000000e+00
0.000000000000000000e+00
1.758087201125175842e-04
5.274261603375526982e-04
1.758087201125175842e-04
1.758087201125175842e-04
0.000000000000000000e+00
0.000000000000000000e+00
0.000000000000000000e+00
0.000000000000000000e+00
0.000000000000000000e+00
1.072433192686357215e-02
6.504922644163150559e-03
8.790436005625878665e-04
0.000000000000000000e+00
1.758087201125175842e-04
0.000000000000000000e+00
0.000000000000000000e+00
1.160337552742616088e-02
1.758087201125175842e-04
0.000000000000000000e+00
0.000000000000000000e+00
0.000000000000000000e+00
0.000000000000000000e+00
7.032348804500703366e-04
0.000000000000000000e+00
0.000000000000000000e+00
0.000000000000000000e+00
0.000000000000000000e+00
0.000000000000000000e+00
0.000000000000000000e+00
0.000000000000000000e+00
0.000000000000000000e+00
0.000000000000000000e+00
0.000000000000000000e+00
0.000000000000000000e+00
0.000000000000000000e+00
0.000000000000000000e+00
0.000000000000000000e+00
9.534106891701827902e-01
7.772503516174402716e-01
8.966244725738397037e-01
2.303094233473980401e-01
3.164556962025316666e-02
1.921589310829817099e-01
1.476793248945147685e-01
1.828410689170182832e-02
1.142756680731364313e-02
4.571026722925457079e-03
1.054852320675105396e-03
1.933895921237693480e-03
2.936005625879043457e-01
4.184247538677918210e-01
7.524613220815752623e-02
7.208157524613220679e-03
5.010548523206750926e-02
4.606188466947960802e-02
3.691983122362869213e-03
2.988748241912798660e-03
5.274261603375526982e-04
7.032348804500703366e-04
5.274261603375526982e-04
3.335091420534458395e-01
8.298171589310829321e-02
1.511954992967651235e-02
2.812939521800281173e-02
2.654711673699015548e-02
2.109704641350210793e-03
5.274261603375527199e-03
1.933895921237693480e-03
3.516174402250351683e-04
3.516174402250351683e-04
1.353727144866385436e-02
3.516174402250351683e-04
7.032348804500702932e-03
6.153305203938115066e-03
8.790436005625878665e-04
0.000000000000000000e+00
1.758087201125175842e-04
0.000000000000000000e+00
3.516174402250351683e-04
8.790436005625878665e-04
7.032348804500703366e-04
1.933895921237693480e-03
1.758087201125175842e-04
0.000000000000000000e+00
0.000000000000000000e+00
0.000000000000000000e+00
0.000000000000000000e+00
2.162447257383966204e-02
5.625879043600562693e-03
1.933895921237693480e-03
1.406469760900140673e-03
0.000000000000000000e+00
0.000000000000000000e+00
0.000000000000000000e+00
1.845991561181434606e-02
1.758087201125175842e-04
3.516174402250351683e-04
1.758087201125175842e-04
0.000000000000000000e+00
0.000000000000000000e+00
1.406469760900140673e-03
0.000000000000000000e+00
0.000000000000000000e+00
0.000000000000000000e+00
0.000000000000000000e+00
7.032348804500702932e-03
0.000000000000000000e+00
0.000000000000000000e+00
0.000000000000000000e+00
0.000000000000000000e+00
0.000000000000000000e+00
0.000000000000000000e+00
3.516174402250351683e-04
0.000000000000000000e+00
0.000000000000000000e+00
9.251054852320674815e-01
7.586146272855133210e-01
8.679676511954993456e-01
2.122011251758087191e-01
3.094233473980309568e-02
1.803797468354430278e-01
1.253516174402250216e-01
1.388888888888888812e-02
9.493670886075949653e-03
3.340365682137834153e-03
1.230661040787623143e-03
1.582278481012658203e-03
2.492967651195499290e-01
4.275668073136427716e-01
6.926863572433192284e-02
1.177918424753867863e-02
8.210267229254571142e-02
5.520393811533051698e-02
7.735583684950773919e-03
7.735583684950773919e-03
1.582278481012658203e-03
5.274261603375526982e-04
7.032348804500703366e-04
3.386075949367088334e-01
8.684950773558368364e-02
1.336146272855133661e-02
5.239099859353023997e-02
4.588607594936709028e-02
5.625879043600562693e-03
6.856540084388186053e-03
1.758087201125175733e-03
5.274261603375526982e-04
7.032348804500703366e-04
7.735583684950773919e-03
1.230661040787623143e-03
6.680731364275668306e-03
1.002109704641350289e-02
3.516174402250351683e-04
0.000000000000000000e+00
0.000000000000000000e+00
0.000000000000000000e+00
0.000000000000000000e+00
8.790436005625878665e-04
5.274261603375526982e-04
3.516174402250351683e-04
0.000000000000000000e+00
0.000000000000000000e+00
0.000000000000000000e+00
0.000000000000000000e+00
0.000000000000000000e+00
9.669479606188467399e-03
2.812939521800281346e-03
7.032348804500703366e-04
0.000000000000000000e+00
1.758087201125175842e-04
0.000000000000000000e+00
0.000000000000000000e+00
3.691983122362869213e-03
0.000000000000000000e+00
0.000000000000000000e+00
1.758087201125175842e-04
0.000000000000000000e+00
0.000000000000000000e+00
1.758087201125175842e-04
0.000000000000000000e+00
0.000000000000000000e+00
0.000000000000000000e+00
0.000000000000000000e+00
0.000000000000000000e+00
0.000000000000000000e+00
0.000000000000000000e+00
0.000000000000000000e+00
0.000000000000000000e+00
0.000000000000000000e+00
0.000000000000000000e+00
0.000000000000000000e+00
0.000000000000000000e+00
3.516174402250351683e-04
9.003164556962025555e-01
7.216947960618846913e-01
8.245428973277074691e-01
1.995428973277074414e-01
2.812939521800281173e-02
1.722925457102672253e-01
1.357243319268635617e-01
1.687763713080168634e-02
1.090014064697608989e-02
3.691983122362869213e-03
1.054852320675105396e-03
1.406469760900140673e-03
2.369901547116737006e-01
3.999648382559775062e-01
6.100562587904360262e-02
7.911392405063291666e-03
7.260900140646976697e-02
4.817158931082981405e-02
3.867791842475386960e-03
4.219409282700421586e-03
7.032348804500703366e-04
1.758087201125175842e-04
1.758087201125175842e-04
3.273558368495077531e-01
6.100562587904360262e-02
1.142756680731364313e-02
5.133614627285513349e-02
4.078762306610407562e-02
3.340365682137834153e-03
5.625879043600562693e-03
1.054852320675105396e-03
1.758087201125175842e-04
8.790436005625878665e-04
5.274261603375527199e-03
1.054852320675105396e-03
1.142756680731364313e-02
6.856540084388186053e-03
1.758087201125175842e-04
0.000000000000000000e+00
1.758087201125175842e-04
0.000000000000000000e+00
3.516174402250351683e-04
1.582278481012658203e-03
8.790436005625878665e-04
1.230661040787623143e-03
5.274261603375526982e-04
0.000000000000000000e+00
0.000000000000000000e+00
0.000000000000000000e+00
0.000000000000000000e+00
8.263009845288327160e-03
2.109704641350210793e-03
5.274261603375526982e-04
1.758087201125175842e-04
0.000000000000000000e+00
0.000000000000000000e+00
0.000000000000000000e+00
3.867791842475386960e-03
0.000000000000000000e+00
0.000000000000000000e+00
0.000000000000000000e+00
0.000000000000000000e+00
0.000000000000000000e+00
1.758087201125175842e-04
0.000000000000000000e+00
0.000000000000000000e+00
0.000000000000000000e+00
0.000000000000000000e+00
5.274261603375526982e-04
0.000000000000000000e+00
0.000000000000000000e+00
0.000000000000000000e+00
0.000000000000000000e+00
0.000000000000000000e+00
0.000000000000000000e+00
0.000000000000000000e+00
0.000000000000000000e+00
0.000000000000000000e+00
8.679676511954993456e-01
6.754571026722925309e-01
7.879746835443037778e-01
1.802039381153305309e-01
2.601969057665260224e-02
1.749296765119549846e-01
1.283403656821378302e-01
1.547116736990154784e-02
1.072433192686357215e-02
3.164556962025316406e-03
1.054852320675105396e-03
1.054852320675105396e-03
1.997187060478199661e-01
3.507383966244725926e-01
6.645569620253163889e-02
8.614627285513360919e-03
7.014767932489451852e-02
4.658931082981716126e-02
5.098452883263009452e-03
2.988748241912798660e-03
1.758087201125175842e-04
1.758087201125175842e-04
0.000000000000000000e+00
2.742616033755274074e-01
5.573136427566807022e-02
9.669479606188467399e-03
5.696202531645569445e-02
4.254571026722925309e-02
5.274261603375527199e-03
6.329113924050632813e-03
1.230661040787623143e-03
3.516174402250351683e-04
1.230661040787623143e-03
4.746835443037974826e-03
1.054852320675105396e-03
7.208157524613220679e-03
5.274261603375527199e-03
5.274261603375526982e-04
0.000000000000000000e+00
1.758087201125175842e-04
0.000000000000000000e+00
0.000000000000000000e+00
7.032348804500703366e-04
7.032348804500703366e-04
7.032348804500703366e-04
0.000000000000000000e+00
0.000000000000000000e+00
0.000000000000000000e+00
0.000000000000000000e+00
0.000000000000000000e+00
4.922644163150492573e-03
3.340365682137834153e-03
7.032348804500703366e-04
0.000000000000000000e+00
1.758087201125175842e-04
0.000000000000000000e+00
0.000000000000000000e+00
2.988748241912798660e-03
5.274261603375526982e-04
7.032348804500703366e-04
0.000000000000000000e+00
0.000000000000000000e+00
0.000000000000000000e+00
1.758087201125175842e-04
0.000000000000000000e+00
0.000000000000000000e+00
0.000000000000000000e+00
0.000000000000000000e+00
3.516174402250351683e-04
0.000000000000000000e+00
0.000000000000000000e+00
0.000000000000000000e+00
0.000000000000000000e+00
0.000000000000000000e+00
0.000000000000000000e+00
0.000000000000000000e+00
0.000000000000000000e+00
0.000000000000000000e+00
8.095991561181434815e-01
6.195499296765119013e-01
7.401547116736990617e-01
1.682489451476793241e-01
2.514064697609001350e-02
1.714135021097046296e-01
1.214838255977496451e-01
1.511954992967651235e-02
8.614627285513360919e-03
2.988748241912798660e-03
8.790436005625878665e-04
5.274261603375526982e-04
1.803797468354430278e-01
3.066104078762306728e-01
4.940225035161743827e-02
8.087201125175809413e-03
6.206047819971870910e-02
4.026019690576652932e-02
5.801687763713080440e-03
1.230661040787623143e-03
5.274261603375526982e-04
0.000000000000000000e+00
0.000000000000000000e+00
2.494725738396624537e-01
5.327004219409282870e-02
7.911392405063291666e-03
4.817158931082981405e-02
3.445850914205344367e-02
3.691983122362869213e-03
3.340365682137834153e-03
3.516174402250351683e-04
3.516174402250351683e-04
0.000000000000000000e+00
1.125175808720112539e-02
0.000000000000000000e+00
6.504922644163150559e-03
4.219409282700421586e-03
5.274261603375526982e-04
0.000000000000000000e+00
0.000000000000000000e+00
0.000000000000000000e+00
3.516174402250351683e-04
1.758087201125175842e-04
8.790436005625878665e-04
0.000000000000000000e+00
3.516174402250351683e-04
0.000000000000000000e+00
0.000000000000000000e+00
0.000000000000000000e+00
0.000000000000000000e+00
5.274261603375527199e-03
3.516174402250351466e-03
7.032348804500703366e-04
1.054852320675105396e-03
0.000000000000000000e+00
0.000000000000000000e+00
0.000000000000000000e+00
3.867791842475386960e-03
0.000000000000000000e+00
7.032348804500703366e-04
0.000000000000000000e+00
0.000000000000000000e+00
0.000000000000000000e+00
1.758087201125175842e-04
0.000000000000000000e+00
0.000000000000000000e+00
0.000000000000000000e+00
0.000000000000000000e+00
5.274261603375526982e-04
0.000000000000000000e+00
0.000000000000000000e+00
0.000000000000000000e+00
0.000000000000000000e+00
0.000000000000000000e+00
0.000000000000000000e+00
0.000000000000000000e+00
0.000000000000000000e+00
0.000000000000000000e+00
7.450773558368495308e-01
5.388537271448663457e-01
6.694796061884669136e-01
1.446905766526019599e-01
2.109704641350210880e-02
1.631504922644163025e-01
1.084739803094233457e-01
1.441631504922644136e-02
6.504922644163150559e-03
2.637130801687763600e-03
8.790436005625878665e-04
3.516174402250351683e-04
1.745780590717299630e-01
2.906118143459915371e-01
3.973277074542897608e-02
6.329113924050632813e-03
5.784106891701828318e-02
3.129395218002813117e-02
3.516174402250351466e-03
2.461322081575246287e-03
5.274261603375526982e-04
1.758087201125175842e-04
0.000000000000000000e+00
2.223980309423347346e-01
4.236990154711673534e-02
4.746835443037974826e-03
4.746835443037975000e-02
2.988748241912798920e-02
3.516174402250351466e-03
4.043600562587904707e-03
3.516174402250351683e-04
3.516174402250351683e-04
3.516174402250351683e-04
3.867791842475386960e-03
1.758087201125175842e-04
4.571026722925457079e-03
3.867791842475386960e-03
3.516174402250351683e-04
1.758087201125175842e-04
0.000000000000000000e+00
0.000000000000000000e+00
0.000000000000000000e+00
0.000000000000000000e+00
1.406469760900140673e-03
3.516174402250351683e-04
0.000000000000000000e+00
0.000000000000000000e+00
0.000000000000000000e+00
0.000000000000000000e+00
0.000000000000000000e+00
4.922644163150492573e-03
3.340365682137834153e-03
1.230661040787623143e-03
1.054852320675105396e-03
1.758087201125175842e-04
0.000000000000000000e+00
0.000000000000000000e+00
8.790436005625878665e-04
3.516174402250351683e-04
8.790436005625878665e-04
5.274261603375526982e-04
0.000000000000000000e+00
0.000000000000000000e+00
0.000000000000000000e+00
1.758087201125175842e-04
1.758087201125175842e-04
0.000000000000000000e+00
0.000000000000000000e+00
0.000000000000000000e+00
0.000000000000000000e+00
0.000000000000000000e+00
0.000000000000000000e+00
0.000000000000000000e+00
0.000000000000000000e+00
0.000000000000000000e+00
0.000000000000000000e+00
0.000000000000000000e+00
0.000000000000000000e+00
6.728199718706048271e-01
4.797819971870604938e-01
6.100562587904360123e-01
1.188466947960618858e-01
1.722925457102672184e-02
1.548874824191279753e-01
9.282700421940928703e-02
1.054852320675105440e-02
5.098452883263009452e-03
2.285513361462728540e-03
7.032348804500703366e-04
3.516174402250351683e-04
1.318565400843881852e-01
2.188818565400843796e-01
3.709563994374120988e-02
4.922644163150492573e-03
5.362165963431786420e-02
2.390998593530238928e-02
2.988748241912798660e-03
7.032348804500703366e-04
5.274261603375526982e-04
0.000000000000000000e+00
0.000000000000000000e+00
2.085091420534458395e-01
3.568917018284106790e-02
7.208157524613220679e-03
4.781997187060477855e-02
2.619549929676511998e-02
4.395218002812939333e-03
2.812939521800281346e-03
7.032348804500703366e-04
1.758087201125175842e-04
0.000000000000000000e+00
3.867791842475386960e-03
0.000000000000000000e+00
4.571026722925457079e-03
2.285513361462728540e-03
3.516174402250351683e-04
0.000000000000000000e+00
0.000000000000000000e+00
0.000000000000000000e+00
0.000000000000000000e+00
0.000000000000000000e+00
5.274261603375526982e-04
1.758087201125175842e-04
0.000000000000000000e+00
0.000000000000000000e+00
0.000000000000000000e+00
0.000000000000000000e+00
0.000000000000000000e+00
8.614627285513360919e-03
4.219409282700421586e-03
3.516174402250351683e-04
0.000000000000000000e+00
1.758087201125175842e-04
0.000000000000000000e+00
0.000000000000000000e+00
3.340365682137834153e-03
3.516174402250351683e-04
1.758087201125175842e-04
5.274261603375526982e-04
0.000000000000000000e+00
0.000000000000000000e+00
0.000000000000000000e+00
0.000000000000000000e+00
0.000000000000000000e+00
0.000000000000000000e+00
0.000000000000000000e+00
7.032348804500703366e-04
0.000000000000000000e+00
0.000000000000000000e+00
0.000000000000000000e+00
0.000000000000000000e+00
0.000000000000000000e+00
0.000000000000000000e+00
0.000000000000000000e+00
0.000000000000000000e+00
0.000000000000000000e+00
1.820938818565401007e+01
5.664556962025316444e+00
4.643811533052039309e+00
4.815400843881856296e-01
3.059071729957806018e-02
4.716947960618846913e-01
2.183544303797468333e-01
2.426160337552742477e-02
3.234880450070323765e-02
4.571026722925457079e-03
6.504922644163150559e-03
1.230661040787623143e-03
1.853023909985935247e-01
1.153305203938115309e-01
8.579465541490857716e-02
9.142053445850914159e-03
0.000000000000000000e+00
1.230661040787623143e-03
0.000000000000000000e+00
0.000000000000000000e+00
3.516174402250351683e-04
0.000000000000000000e+00
1.230661040787623143e-03
8.790436005625878665e-04
4.084036568213783580e-01
1.854781997187060494e-01
0.000000000000000000e+00
0.000000000000000000e+00
0.000000000000000000e+00
0.000000000000000000e+00
8.614627285513360919e-03
3.691983122362869213e-03
1.160337552742616088e-02
5.801687763713080440e-03
4.043600562587904707e-03
2.109704641350210793e-03
0.000000000000000000e+00
0.000000000000000000e+00
0.000000000000000000e+00
0.000000000000000000e+00
0.000000000000000000e+00
4.571026722925457079e-03
0.000000000000000000e+00
3.516174402250351683e-04
0.000000000000000000e+00
0.000000000000000000e+00
0.000000000000000000e+00
0.000000000000000000e+00
0.000000000000000000e+00
1.758087201125175842e-04
0.000000000000000000e+00
0.000000000000000000e+00
0.000000000000000000e+00
0.000000000000000000e+00
1.054852320675105396e-03
0.000000000000000000e+00
0.000000000000000000e+00
0.000000000000000000e+00
0.000000000000000000e+00
0.000000000000000000e+00
0.000000000000000000e+00
0.000000000000000000e+00
4.219409282700421586e-03
0.000000000000000000e+00
0.000000000000000000e+00
0.000000000000000000e+00
0.000000000000000000e+00
0.000000000000000000e+00
0.000000000000000000e+00
0.000000000000000000e+00
0.000000000000000000e+00
0.000000000000000000e+00
0.000000000000000000e+00
0.000000000000000000e+00
0.000000000000000000e+00
0.000000000000000000e+00
0.000000000000000000e+00
3.516174402250351683e-04
2.489433895921237649e+01
6.626406469760899753e+00
6.481540084388186074e+00
7.234528832630098272e-01
8.526722925457103086e-02
6.582278481012657778e-01
3.936357243319268395e-01
4.113924050632911111e-02
6.346694796061884414e-02
1.072433192686357215e-02
3.516174402250351466e-03
8.438818565400843172e-03
8.349156118143460370e-01
1.193389592123769383e+00
1.408227848101265833e-01
2.285513361462728540e-03
3.164556962025316406e-03
8.966244725738396412e-03
1.933895921237693480e-03
0.000000000000000000e+00
1.758087201125175733e-03
1.758087201125175842e-04
5.274261603375526982e-04
1.292897327707454247e+00
1.775668073136427508e-02
1.107594936708860764e-02
3.059071729957806018e-02
1.406469760900140673e-03
0.000000000000000000e+00
0.000000000000000000e+00
0.000000000000000000e+00
0.000000000000000000e+00
0.000000000000000000e+00
1.300984528832630112e-02
7.032348804500703366e-04
3.867791842475386960e-03
2.637130801687763600e-03
5.274261603375526982e-04
0.000000000000000000e+00
0.000000000000000000e+00
0.000000000000000000e+00
1.406469760900140673e-03
8.966244725738396412e-03
3.516174402250351683e-04
3.516174402250351466e-03
0.000000000000000000e+00
0.000000000000000000e+00
0.000000000000000000e+00
0.000000000000000000e+00
0.000000000000000000e+00
2.652953586497890370e-01
1.758087201125175842e-04
1.054852320675105396e-03
0.000000000000000000e+00
0.000000000000000000e+00
0.000000000000000000e+00
0.000000000000000000e+00
1.547116736990154784e-02
5.274261603375526982e-04
0.000000000000000000e+00
0.000000000000000000e+00
0.000000000000000000e+00
0.000000000000000000e+00
5.274261603375526982e-04
0.000000000000000000e+00
0.000000000000000000e+00
0.000000000000000000e+00
0.000000000000000000e+00
5.274261603375526982e-04
0.000000000000000000e+00
0.000000000000000000e+00
0.000000000000000000e+00
0.000000000000000000e+00
0.000000000000000000e+00
0.000000000000000000e+00
1.758087201125175842e-04
0.000000000000000000e+00
1.582278481012658203e-03
2.488255977496483951e+01
6.739099859353023803e+00
8.897151898734177777e+00
7.654711673699015062e-01
9.282700421940928703e-02
8.396624472573839260e-01
4.161392405063291111e-01
4.043600562587904707e-02
8.386075949367088889e-02
1.300984528832630112e-02
4.571026722925457079e-03
8.966244725738396412e-03
6.872362869198311852e-01
9.934950773558368642e-01
1.397679324894514630e-01
4.219409282700421586e-03
1.114627285513361404e-01
5.573136427566807022e-02
7.911392405063291666e-03
1.722925457102672184e-02
0.000000000000000000e+00
1.758087201125175842e-04
0.000000000000000000e+00
9.194796061884669136e-01
7.243319268635724228e-02
6.223628691983122685e-02
7.190576652601969598e-02
4.201828410689169985e-02
5.977496483825597319e-03
7.208157524613220679e-03
5.274261603375526982e-04
3.516174402250351683e-04
4.219409282700421586e-03
6.856540084388186053e-03
7.032348804500703366e-04
7.735583684950773919e-03
7.208157524613220679e-03
5.274261603375526982e-04
3.516174402250351683e-04
0.000000000000000000e+00
0.000000000000000000e+00
7.032348804500703366e-04
8.790436005625878665e-04
1.758087201125175842e-04
5.274261603375526982e-04
0.000000000000000000e+00
0.000000000000000000e+00
0.000000000000000000e+00
0.000000000000000000e+00
0.000000000000000000e+00
5.573136427566807022e-02
8.614627285513360919e-03
1.758087201125175733e-03
0.000000000000000000e+00
1.758087201125175842e-04
0.000000000000000000e+00
0.000000000000000000e+00
1.863572433192686381e-02
1.758087201125175842e-04
0.000000000000000000e+00
0.000000000000000000e+00
0.000000000000000000e+00
0.000000000000000000e+00
1.054852320675105396e-03
0.000000000000000000e+00
0.000000000000000000e+00
0.000000000000000000e+00
0.000000000000000000e+00
0.000000000000000000e+00
0.000000000000000000e+00
0.000000000000000000e+00
0.000000000000000000e+00
0.000000000000000000e+00
0.000000000000000000e+00
0.000000000000000000e+00
0.000000000000000000e+00
0.000000000000000000e+00
0.000000000000000000e+00
2.206645569620253156e+01
6.488572433192686617e+00
9.897327707454289580e+00
6.703586497890294815e-01
9.106891701828410957e-02
8.744725738396624815e-01
3.503867791842475432e-01
3.639240506329113889e-02
6.329113924050633333e-02
9.317862165963431906e-03
2.461322081575246287e-03
7.911392405063291666e-03
6.009142053445850618e-01
9.302039381153305309e-01
1.163853727144866373e-01
8.790436005625878665e-03
1.072433192686357284e-01
5.959915611814346065e-02
4.571026722925457079e-03
1.090014064697608989e-02
5.274261603375526982e-04
1.054852320675105396e-03
7.032348804500703366e-04
1.046237693389592049e+00
1.758087201125175802e-01
3.533755274261603241e-02
4.957805907172995602e-02
4.254571026722925309e-02
3.164556962025316406e-03
2.918424753867791821e-02
2.285513361462728540e-03
5.274261603375526982e-04
2.461322081575246287e-03
1.670182841068916860e-02
3.516174402250351683e-04
1.002109704641350289e-02
7.559774964838256173e-03
8.790436005625878665e-04
0.000000000000000000e+00
1.758087201125175842e-04
0.000000000000000000e+00
7.032348804500703366e-04
1.054852320675105396e-03
1.933895921237693480e-03
4.043600562587904707e-03
3.516174402250351683e-04
0.000000000000000000e+00
0.000000000000000000e+00
0.000000000000000000e+00
0.000000000000000000e+00
7.190576652601969598e-02
1.090014064697608989e-02
2.637130801687763600e-03
1.582278481012658203e-03
0.000000000000000000e+00
0.000000000000000000e+00
0.000000000000000000e+00
2.601969057665260224e-02
1.758087201125175842e-04
3.516174402250351683e-04
3.516174402250351683e-04
0.000000000000000000e+00
0.000000000000000000e+00
1.582278481012658203e-03
0.000000000000000000e+00
0.000000000000000000e+00
0.000000000000000000e+00
0.000000000000000000e+00
2.373417721518987500e-02
0.000000000000000000e+00
0.000000000000000000e+00
0.000000000000000000e+00
0.000000000000000000e+00
0.000000000000000000e+00
0.000000000000000000e+00
3.516174402250351683e-04
0.000000000000000000e+00
0.000000000000000000e+00
2.142774261603375408e+01
6.061181434599156148e+00
8.533931082981716543e+00
5.771800281293951729e-01
9.528832630098453549e-02
7.728551336146273210e-01
2.923699015471167284e-01
2.654711673699015548e-02
5.291842475386779321e-02
5.098452883263009452e-03
4.746835443037974826e-03
5.274261603375527199e-03
4.061181434599155926e-01
1.057137834036568247e+00
9.898030942334740123e-02
1.388888888888888812e-02
1.807313642756680772e-01
8.122362869198311575e-02
1.195499296765119464e-02
1.283403656821378337e-02
1.582278481012658203e-03
7.032348804500703366e-04
1.054852320675105396e-03
1.428445850914205284e+00
2.148382559774964784e-01
3.357946554149085494e-02
1.088255977496483812e-01
8.139943741209564043e-02
7.911392405063291666e-03
1.969057665260197029e-02
2.988748241912798660e-03
8.790436005625878665e-04
1.933895921237693480e-03
1.177918424753867863e-02
1.230661040787623143e-03
1.142756680731364313e-02
1.054852320675105440e-02
3.516174402250351683e-04
0.000000000000000000e+00
0.000000000000000000e+00
0.000000000000000000e+00
0.000000000000000000e+00
2.637130801687763600e-03
5.274261603375526982e-04
3.516174402250351683e-04
0.000000000000000000e+00
0.000000000000000000e+00
0.000000000000000000e+00
0.000000000000000000e+00
0.000000000000000000e+00
4.342475386779184182e-02
4.571026722925457079e-03
1.230661040787623143e-03
0.000000000000000000e+00
1.758087201125175842e-04
0.000000000000000000e+00
0.000000000000000000e+00
5.977496483825597319e-03
0.000000000000000000e+00
0.000000000000000000e+00
1.758087201125175842e-04
0.000000000000000000e+00
0.000000000000000000e+00
1.758087201125175842e-04
0.000000000000000000e+00
0.000000000000000000e+00
0.000000000000000000e+00
0.000000000000000000e+00
0.000000000000000000e+00
0.000000000000000000e+00
0.000000000000000000e+00
0.000000000000000000e+00
0.000000000000000000e+00
0.000000000000000000e+00
0.000000000000000000e+00
0.000000000000000000e+00
0.000000000000000000e+00
3.516174402250351683e-04
2.018125879043600435e+01
5.338959212376933827e+00
7.903481012658227556e+00
5.576652601969057654e-01
7.032348804500702932e-02
7.422644163150492469e-01
3.771097046413501852e-01
3.938115330520394058e-02
5.098452883263009799e-02
5.977496483825597319e-03
2.988748241912798660e-03
3.691983122362869213e-03
4.919127988748241975e-01
1.098804500703234988e+00
8.913502109704640741e-02
1.125175808720112539e-02
1.587552742616033796e-01
6.206047819971870910e-02
4.922644163150492573e-03
8.614627285513360919e-03
1.054852320675105396e-03
3.516174402250351683e-04
1.758087201125175842e-04
1.111286919831223630e+00
1.380098452883262994e-01
4.166666666666666435e-02
1.184950773558368503e-01
6.381856540084387963e-02
4.043600562587904707e-03
2.127285513361462654e-02
1.054852320675105396e-03
1.758087201125175842e-04
3.164556962025316406e-03
6.856540084388186053e-03
1.054852320675105396e-03
2.092123769338959105e-02
7.208157524613220679e-03
1.758087201125175842e-04
0.000000000000000000e+00
1.758087201125175842e-04
0.000000000000000000e+00
8.790436005625878665e-04
4.571026722925457079e-03
1.230661040787623143e-03
1.230661040787623143e-03
5.274261603375526982e-04
0.000000000000000000e+00
0.000000000000000000e+00
0.000000000000000000e+00
0.000000000000000000e+00
7.489451476793249074e-02
2.812939521800281346e-03
1.054852320675105396e-03
1.758087201125175842e-04
0.000000000000000000e+00
0.000000000000000000e+00
0.000000000000000000e+00
4.922644163150492573e-03
0.000000000000000000e+00
0.000000000000000000e+00
0.000000000000000000e+00
0.000000000000000000e+00
0.000000000000000000e+00
1.758087201125175842e-04
0.000000000000000000e+00
0.000000000000000000e+00
0.000000000000000000e+00
0.000000000000000000e+00
5.274261603375526982e-04
0.000000000000000000e+00
0.000000000000000000e+00
0.000000000000000000e+00
0.000000000000000000e+00
0.000000000000000000e+00
0.000000000000000000e+00
0.000000000000000000e+00
0.000000000000000000e+00
0.000000000000000000e+00
1.781311533052039309e+01
4.834036568213783802e+00
7.680028129395218173e+00
5.188115330520394197e-01
7.507032348804500155e-02
7.733825597749648395e-01
3.575949367088607778e-01
3.639240506329113889e-02
4.729254571026723225e-02
5.450070323488044946e-03
2.812939521800281346e-03
2.461322081575246287e-03
3.482770745428973025e-01
8.459915611814345926e-01
1.023206751054852315e-01
1.388888888888888812e-02
1.722925457102672253e-01
6.838959212376934105e-02
7.208157524613220679e-03
5.274261603375527199e-03
1.758087201125175842e-04
1.758087201125175842e-04
0.000000000000000000e+00
9.648382559774965062e-01
1.228902953586497870e-01
3.568917018284106790e-02
1.332630098452883272e-01
6.504922644163151080e-02
8.263009845288327160e-03
2.285513361462728626e-02
1.406469760900140673e-03
7.032348804500703366e-04
2.285513361462728540e-03
7.383966244725738426e-03
1.582278481012658203e-03
1.371308016877637211e-02
6.329113924050632813e-03
7.032348804500703366e-04
0.000000000000000000e+00
1.758087201125175842e-04
0.000000000000000000e+00
0.000000000000000000e+00
1.758087201125175733e-03
7.032348804500703366e-04
1.054852320675105396e-03
0.000000000000000000e+00
0.000000000000000000e+00
0.000000000000000000e+00
0.000000000000000000e+00
0.000000000000000000e+00
2.285513361462728626e-02
5.274261603375527199e-03
1.230661040787623143e-03
0.000000000000000000e+00
5.274261603375526982e-04
0.000000000000000000e+00
0.000000000000000000e+00
5.274261603375527199e-03
5.274261603375526982e-04
2.285513361462728540e-03
0.000000000000000000e+00
0.000000000000000000e+00
0.000000000000000000e+00
1.758087201125175842e-04
0.000000000000000000e+00
0.000000000000000000e+00
0.000000000000000000e+00
0.000000000000000000e+00
1.406469760900140673e-03
0.000000000000000000e+00
0.000000000000000000e+00
0.000000000000000000e+00
0.000000000000000000e+00
0.000000000000000000e+00
0.000000000000000000e+00
0.000000000000000000e+00
0.000000000000000000e+00
0.000000000000000000e+00
1.548154008438818607e+01
4.136779184247538765e+00
6.782348804500703210e+00
4.637834036568213580e-01
6.241209563994374460e-02
7.863924050632911111e-01
3.197960618846694691e-01
3.305203938115330864e-02
3.744725738396624537e-02
5.625879043600562693e-03
2.637130801687763600e-03
1.054852320675105396e-03
3.247187060478199938e-01
8.419479606188466914e-01
6.962025316455695834e-02
1.547116736990154784e-02
1.411744022503516049e-01
4.975386779184247377e-02
7.383966244725738426e-03
1.758087201125175733e-03
7.032348804500703366e-04
0.000000000000000000e+00
0.000000000000000000e+00
1.061357243319268617e+00
1.278129395218002839e-01
2.109704641350210880e-02
1.107594936708860694e-01
5.748945147679324769e-02
6.153305203938115066e-03
1.107594936708860764e-02
5.274261603375526982e-04
5.274261603375526982e-04
0.000000000000000000e+00
1.582278481012658333e-02
0.000000000000000000e+00
1.300984528832630112e-02
5.098452883263009452e-03
1.054852320675105396e-03
0.000000000000000000e+00
0.000000000000000000e+00
0.000000000000000000e+00
3.516174402250351683e-04
1.758087201125175842e-04
1.582278481012658203e-03
0.000000000000000000e+00
3.516174402250351683e-04
0.000000000000000000e+00
0.000000000000000000e+00
0.000000000000000000e+00
0.000000000000000000e+00
2.039381153305203781e-02
7.911392405063291666e-03
1.230661040787623143e-03
1.230661040787623143e-03
0.000000000000000000e+00
0.000000000000000000e+00
0.000000000000000000e+00
6.504922644163150559e-03
0.000000000000000000e+00
4.395218002812939333e-03
0.000000000000000000e+00
0.000000000000000000e+00
0.000000000000000000e+00
1.758087201125175842e-04
0.000000000000000000e+00
0.000000000000000000e+00
0.000000000000000000e+00
0.000000000000000000e+00
1.582278481012658203e-03
0.000000000000000000e+00
0.000000000000000000e+00
0.000000000000000000e+00
0.000000000000000000e+00
0.000000000000000000e+00
0.000000000000000000e+00
0.000000000000000000e+00
0.000000000000000000e+00
0.000000000000000000e+00
1.330801687763713126e+01
3.320499296765119457e+00
5.970464135021097185e+00
3.945147679324894630e-01
5.643459915611814121e-02
7.325949367088607778e-01
2.612517580872011358e-01
2.812939521800281173e-02
2.109704641350210880e-02
4.571026722925457079e-03
1.582278481012658203e-03
3.516174402250351683e-04
3.394866385372714568e-01
7.899085794655414938e-01
5.819268635724331867e-02
1.107594936708860764e-02
1.341420534458509228e-01
4.078762306610407562e-02
4.571026722925457079e-03
4.043600562587904707e-03
5.274261603375526982e-04
1.758087201125175842e-04
0.000000000000000000e+00
8.364978902953587037e-01
1.234177215189873472e-01
8.438818565400843172e-03
1.116385372714486651e-01
4.746835443037975000e-02
7.735583684950773919e-03
1.019690576652601890e-02
3.516174402250351683e-04
3.516174402250351683e-04
7.032348804500703366e-04
8.966244725738396412e-03
1.758087201125175842e-04
8.087201125175809413e-03
4.043600562587904707e-03
5.274261603375526982e-04
1.758087201125175842e-04
0.000000000000000000e+00
0.000000000000000000e+00
0.000000000000000000e+00
0.000000000000000000e+00
1.758087201125175733e-03
3.516174402250351683e-04
0.000000000000000000e+00
0.000000000000000000e+00
0.000000000000000000e+00
0.000000000000000000e+00
0.000000000000000000e+00
1.898734177215189931e-02
4.219409282700421586e-03
2.109704641350210793e-03
1.230661040787623143e-03
5.274261603375526982e-04
0.000000000000000000e+00
0.000000000000000000e+00
8.790436005625878665e-04
3.516174402250351683e-04
2.461322081575246287e-03
5.274261603375526982e-04
0.000000000000000000e+00
0.000000000000000000e+00
0.000000000000000000e+00
3.516174402250351683e-04
1.758087201125175842e-04
0.000000000000000000e+00
0.000000000000000000e+00
0.000000000000000000e+00
0.000000000000000000e+00
0.000000000000000000e+00
0.000000000000000000e+00
0.000000000000000000e+00
0.000000000000000000e+00
0.000000000000000000e+00
0.000000000000000000e+00
0.000000000000000000e+00
0.000000000000000000e+00
1.133245428973277136e+01
2.906469760900140642e+00
5.200773558368495308e+00
3.197960618846694691e-01
3.867791842475386960e-02
6.696554149085794938e-01
2.104430379746835555e-01
1.845991561181434606e-02
1.722925457102672184e-02
2.988748241912798660e-03
1.406469760900140673e-03
7.032348804500703366e-04
2.201125175808720247e-01
5.268987341772152222e-01
5.432489451476793518e-02
1.476793248945147685e-02
1.156821378340365664e-01
3.076652601969057793e-02
3.516174402250351466e-03
2.812939521800281346e-03
5.274261603375526982e-04
0.000000000000000000e+00
0.000000000000000000e+00
7.654711673699015062e-01
1.114627285513361404e-01
1.300984528832630112e-02
1.100562587904360123e-01
4.535864978902953704e-02
7.208157524613220679e-03
7.383966244725738426e-03
7.032348804500703366e-04
3.516174402250351683e-04
0.000000000000000000e+00
6.856540084388186053e-03
0.000000000000000000e+00
9.669479606188467399e-03
3.516174402250351466e-03
3.516174402250351683e-04
0.000000000000000000e+00
0.000000000000000000e+00
0.000000000000000000e+00
0.000000000000000000e+00
0.000000000000000000e+00
1.406469760900140673e-03
1.758087201125175842e-04
0.000000000000000000e+00
0.000000000000000000e+00
0.000000000000000000e+00
0.000000000000000000e+00
0.000000000000000000e+00
2.162447257383966204e-02
1.054852320675105440e-02
5.274261603375526982e-04
0.000000000000000000e+00
1.758087201125175842e-04
0.000000000000000000e+00
0.000000000000000000e+00
3.867791842475386960e-03
3.516174402250351683e-04
1.758087201125175842e-04
5.274261603375526982e-04
0.000000000000000000e+00
0.000000000000000000e+00
0.000000000000000000e+00
0.000000000000000000e+00
0.000000000000000000e+00
0.000000000000000000e+00
0.000000000000000000e+00
2.812939521800281346e-03
0.000000000000000000e+00
0.000000000000000000e+00
0.000000000000000000e+00
0.000000000000000000e+00
0.000000000000000000e+00
0.000000000000000000e+00
0.000000000000000000e+00
0.000000000000000000e+00
0.000000000000000000e+00
4.345499539677661005e+00
4.817058207496070388e+00
3.378555096548324421e+00
4.971162612014166982e+00
4.936304852161924828e+00
4.003648404250815140e+00
5.743000284586818438e+00
3.555833742109227202e+00
4.867108054647117044e+00
3.926739053506004051e+00
5.323720606050195592e+00
1.847169219597753056e+02
5.698496354255841112e+00
7.190607679270463848e+01
8.596432610080212555e+01
1.346515688026159694e+02
4.091438538797165236e+00
6.575407338257117651e+00
9.180634522494635519e+01
6.832507120863029471e+00
8.168228484759387356e+03
7.429885557282259967e+00
2.435175324363871709e+02
8.780933109356083150e+03
2.177994327369717382e+02
6.053968094098004826e+01
5.538185654008438519e+01
5.349244022503516049e+01
1.514036771904761190e+04
8.312163896036132371e+00
2.044479606188467002e+01
3.083614627285513521e+01
3.083614627285513521e+01
1.367671461453041637e+01
1.744500703234880348e+02
2.894672995780590696e+01
3.376713427270231449e+01
2.221025399181845472e+01
8.429420694979798512e+00
4.514661870244765396e+00
2.722799129337229829e+02
4.789680028129394884e+01
1.774850854211731743e+01
2.195622362869198412e+02
9.176219465985584023e+00
5.552911777300763470e-03
3.791218551543756234e+02
1.455575943824228307e+04
1.448075670187840780e+00
1.499423347398031012e+02
6.323557880137526510e+00
1.277321252183376465e+01
2.456733473980309412e+01
1.080560139064701275e+02
2.802341465693892246e+02
3.519033052039380891e+02
1.006129002878233614e+01
2.057321357661142611e+04
4.958676437527109293e+00
2.146400453379551618e+04
2.741817698750020554e+03
4.411954992967650924e+01
2.828482317413683518e+02
1.021103683085283187e+01
4.200414132638241540e+02
1.093063316416894359e+01
1.764592123769338912e+02
3.695102937868989557e+01
6.170821906241226884e+01
1.007453558565913276e+01
1.725639642841262855e+01
3.480738874049610132e+01
8.295547001445315871e+00
1.181748871253912725e+01
1.182897996675668401e+04
5.349699116393158427e+00
7.441134241305707477e-03
1.733805185640807451e+02
5.741483129060319470e+02
9.400867194199112191e+02
4.021017932489451709e+02
7.904530812589073641e+00
6.550817218178946355e+00
5.491327501619791107e+00
4.174367088607594667e+01
1.512227166329674617e+02
5.715506329113924266e+01
2.371695888456341709e+04
2.487840729190180355e+04
5.681087549670281511e+00
1.003060448648667489e+02
4.276898734177215111e+00
5.828142056284105088e+00
5.912168185406187604e+00
3.226265822784810222e+00
1.805903379302399969e+02
4.612007735583684820e+01
4.597472557083960965e+00
5.760655151632413435e+02
4.035479957805907247e+02
2.446271265370739911e+01
2.183373122653273413e+01
5.947563766748212188e+00
6.022503516174402272e+00
3.330284243881869344e+01
7.416754571026723397e+01
2.499071223982729134e+04
2.850914205344585284e+00
3.304932386743986594e+00
1.851350640523577908e+02
2.357091034671305169e+04
2.300632911392404889e+00
3.695059774964835952e+01
5.356219210719999779e+01
5.929149085794655605e+00
3.846223628691982981e+02
6.404579276287650780e-01
6.859616736990155061e+00
4.717407050517895328e+01
9.946443146165776739e+00
2.171807726322691678e+01
1.188410023100335344e+01
3.476617440225035160e+00
7.427039381153305087e+00
2.392849384891604859e+04
5.578909946847890069e+02
9.311234177215189334e+01
1.776169082018290624e+02
1.363818565400843852e+01
7.200090739312003940e-01
4.046818102039199516e+01
2.241075936886267664e+04
9.811031782946024293e+01
3.609924402250351818e+02
3.825021487732458869e+00
4.211477334930430629e+02
1.693039090629395097e+07
1.693038556979606301e+07
1.938586974673659213e+01
3.510102526552194036e+01
2.995386948552050677e-01
6.884838699572428666e-01
8.258892503385276029e+00
1.688950463785701857e+02
2.261014364899809880e+04
8.257735583684950864e-01
7.892053445850913951e-01
2.250717882795593427e-01
1.012341700033253922e+01
2.124471112698550860e+04
1.028433175105486725e+02
5.306717208452068917e+02
1.098154008438818607e+01
3.316707102672292535e+02
1.040900140646976126e+02
1.785778395395138674e+01
5.164534847062563827e+00
1.590365682137834025e+00
5.884839130726281509e-01
1.130608298171589254e+01
1.130608298171589254e+01
2.013713080168776592e+00
1.998417721518987333e+00
1.574125374979390983e+02
2.520975284229494129e+00
1.097270833333336100e+02
2.094313012690032701e+04
3.276424465064164337e+01
4.839516762286698395e+02
9.934715376541466622e-03
9.980047468354430293e+02
1.970251755726867282e-01
8.480309423347398123e+00
4.503128453432855283e-01
2.980798171589310641e+02
1.423075283590049764e+02
1.195193389592123765e+02
1.158164117440225738e+00
1.879971401155988860e+04
8.002451875464078768e+00
1.817456688743736848e+01
1.941915631348648086e+00
4.749244992994276515e+01
1.992428223557618185e+04
1.131323311020302036e+00
1.478250466099305243e+02
1.565559299439009422e+01
2.653055304374235561e+02
4.344854165632783065e+02
2.238045007032348765e-01
2.262834036568213580e+00
2.211355836849507796e+03
3.154303494218983595e+00
1.358544303797468444e+02
1.501762460356448514e+01
2.030781159103560896e+01
1.335884112673825896e+00
5.183720112517581136e+00
3.569848662755190083e-01
1.641315244312814343e+02
2.482539996483847933e+00
7.632314440075115280e-01
7.463080168776371481e-01
4.124472573839662592e-01
3.952660140370535480e+00
2.771679115845925967e+00
6.300984528832630494e-01
9.444978325870558855e-01
1.231688533927204787e+01
5.276744814340454948e-01
3.858749991703948012e+02
3.374987248685554420e+01
1.934869180731404867e+02
3.707555161907214369e+01
1.496870604781997258e+02
8.801310563911547424e-01
1.618670886075949333e+00
8.115450357316461805e+00
1.468501070033800815e+00
1.066986357628693316e+00
3.740701975805915680e+01
3.578059071729957630e+00
1.862870780590717231e+03
1.190184385810461265e+01
2.470249013517721581e-01
8.979991569133755291e+00
2.391247011251758067e+03
6.170792469386080725e+00
2.244663853727144669e+03
1.618961494466633955e+00
2.009493670886075833e-01
1.348380171476685163e+01
4.299578059071730074e+00
1.442791572818609325e+02
1.605235583684950882e+02
2.255890032207471663e+01
4.030617243511613879e-01
7.858791656679350313e-01
1.166657031547032805e-02
3.531478933980753965e-01
2.688771634086789764e+00
6.619487612433847971e+03
2.572825246132208122e+03
7.104212248444251587e-01
1.911040787623066173e-01
2.543952180028129506e-01
5.736387312825617535e+00
2.076552566807313724e+03
5.645218002812939506e-01
7.239803094233473457e-01
1.920182841068917012e+00
2.903426791551464436e+00
2.504061884669479696e+03
1.464486638537271512e-01
1.464486638537271512e-01
6.769236479374067983e+01
1.913911678378344694e-01
1.159301750006096121e+01
3.913674875056756819e-01
2.167145451424297597e+00
7.419127988748241975e+00
1.481818267803418721e+01
6.819620253164556667e-01
3.734177215189873333e-01
1.845319157069946536e+00
3.742967651195499568e-01
1.734370107903972225e-01
1.657909456384843949e+01
2.272627725129014209e+02
3.742440225035161827e+00
8.338745371203107425e+03
8.954873595968299016e-01
8.689030027989081972e-01
6.049578059071729630e-01
1.497898382559774973e+03
8.055385024666125901e+03
2.497108656075105060e+01
3.376855572920482440e-01
4.133263009845288272e-01
3.444669290948190049e-02
8.608214032530979239e+03
3.532843422155405866e-02
1.345958461202567853e-02
2.758438818565400741e-01
8.896108728635249152e-01
4.139886889152696869e-01
3.979688621509554025e+01
1.838255977496483728e+00
7.880026322473987932e+00
6.682489451476792963e-01
1.227848101265822889e+00
6.346694796061884691e-01
2.426160337552742477e-02
2.214454250642722499e+01
7.928443740092104564e-02
2.760196905766525849e-02
7.417019511654586495e+03
2.896449048753929745e+01
6.153123779101269397e-01
1.815139517852797368e+01
-4.364706342502090664e+00
1.155942334739803012e+00
5.343573436452978775e+00
7.498468693370446969e-01
9.440014479635778116e+03
1.122422245567628778e+02
4.258073802793407481e+01
4.273381583843335108e+01
5.105485232067510371e-01
1.118065450925308113e+01
2.585590692887397068e+00
2.274085794655414716e+00
6.750560157748963785e-01
6.375930615348743835e+00
2.445499296765119568e-01
-1.719735298592735828e-01
-1.793842351447145003e-02
1.397810553174872972e+01
5.780030679194826604e+00
1.843044919898808587e+00
9.189777923729519898e+03
4.212733764451333940e+01
2.379764572047021076e+00
1.518538621015441947e+01
1.816060086579078525e-02
6.673838446696299442e+00
1.863572433192686381e-02
1.899789029535865037e+00
3.549217988551108593e+00
1.225386779184247515e-01
2.623066104078762284e-01
1.520745428973277191e-01
3.823397207982536905e+00
1.419426217257521294e+01
8.106024137509553640e+00
8.011603375527426296e-01
4.752109704641350185e-01
4.752109704641350185e-01
3.561920554363629865e+00
1.933368495077355753e+00
5.732592743650029021e+00
1.775668073136427508e-02
2.685962876151063231e-02
4.172011909069285096e+00
1.350210970464134907e-01
1.045710267229254642e+00
3.895114778516602927e-01
8.113572433192686173e-01
-2.720201241099423850e+00
2.278242581977834025e-01
7.113832933527651115e+00
1.531045206686302507e+00
-4.003938560712329604e+02
5.434556119123606699e+00
4.886308041710794449e+09
-9.147954903609233079e-02
2.083578076015771785e+01
2.768987341772151667e-01
2.160689170182840957e-01
5.254922644163150247e-01
-8.735104832711117595e+00
5.734294977225922594e+03
1.618319268635724395e+00
4.279871313584814041e-02
3.089649192332764915e+00
7.215259784772709573e+00
1.676006719606375706e+00
-3.954532723491120283e+00
1.973786606430736890e-01
1.135518079872161260e-02
1.063115740189572028e-01
4.727015318815121492e-01
3.426511954992967901e-01
2.876939559676474190e+01
1.599859353023910108e-02
7.911392405063291666e-02
3.424874936780483714e-01
5.268987341772152222e-01
3.478792509392749821e+01
5.625879043600562346e-02
4.101683871693667882e+00
1.782688288092037387e+00
6.609414088327919671e+03
3.496835443037974445e-01
9.581575246132208179e-02
2.927053456175417878e+01
1.205665605573564214e+01
4.342475386779184182e-02
3.068634770772026243e+01
1.956622175778657891e+01
-1.002202204792695639e+01
3.089219540682565768e+00
-2.582943236103501761e+01
-1.637594721496279249e+01
3.516174402250351466e-03
3.516174402250351466e-03
3.636054490255374105e+01
3.516174402250351466e-03
3.516174402250351466e-03
8.613366117829704405e-02
